cost_weight: 0
information_weight: 1
NrOfUnknownVoxels weight: 0
AverageUncertainty weight: 1
AverageEndPointUncertainty weight: 500
UnknownObjectSideFrontier weight: 5
UnknownObjectVolumeFrontier weight: 5
ClassicFrontier weight: 1
EndNodeOccupancySum weight: 1
TotalOccupancyCertainty weight: 0
TotalNrOfOccupieds weight: 0

Retrieved for step: 32 (0=first step)
time pos_x pos_y pos_z rot_x rot_y rot_z rot_w return_value winning_margin return_value_mean return_value_stddev cost NrOfUnknownVoxels AverageUncertainty AverageEndPointUncertainty UnknownObjectSideFrontier UnknownObjectVolumeFrontier ClassicFrontier EndNodeOccupancySum TotalOccupancyCertainty TotalNrOfOccupieds base_distance_cost arm_distance_cost energy_cost
8151.61 0.71483 0.484717 0.403763 0.636385 -0.289265 -0.514386 0.496736 1568.55 0 0 0 0.98476 7518 0.330898 0.638312 12 147 147 307.061 45358.5 72034 0 0 0 0 0 0 0 0 0 0 0 0 0 0 0 0 0 0 0 0 0 0 0.98476 0 4
8151.61 -0.81647 -0.191112 0.18225 -0.583983 0.413509 -0.406258 0.568267 1899.74 0 0 0 2.67009 1268 0.286343 0.596306 18 126 350 531.298 45358.5 72034 0 0 0 0 0 0 0 0 0 0 0 0 0 0 0 0 0 0 0 0 0 0 2.50594 0.656589 7
8151.61 -0.71483 -0.484717 0.403763 0.289265 0.636385 0.496736 0.514386 1333.38 0 0 0 2.50594 250 0.278681 0.565193 11 135 40 280.505 45358.5 72034 0 0 0 0 0 0 0 0 0 0 0 0 0 0 0 0 0 0 0 0 0 0 2.50594 0 4
8151.61 -0.442195 -0.712468 0.18225 -0.697774 0.158552 -0.157867 0.680479 1381.71 0 0 0 2.01715 311 0.259949 0.672361 9 92 59 481.269 45358.5 72034 0 0 0 0 0 0 0 0 0 0 0 0 0 0 0 0 0 0 0 0 0 0 1.853 0.656589 7
8151.61 0.484717 -0.71483 0.403763 -0.245451 0.654533 0.714971 0.0124809 825.41 0 0 0 0.98476 243 0.28047 0.646622 7 34 39 257.818 45358.5 72034 0 0 0 0 0 0 0 0 0 0 0 0 0 0 0 0 0 0 0 0 0 0 0.98476 0 4
8151.61 0.712468 -0.442195 0.18225 -0.605514 -0.381287 0.369542 0.5928 1195.48 0 0 0 0.164147 504 0.255396 0.728308 11 23 195 466.075 45358.5 72034 0 0 0 0 0 0 0 0 0 0 0 0 0 0 0 0 0 0 0 0 0 0 0 0.656589 3
8151.61 0.587706 -0.699073 0.178803 -0.663572 -0.265993 0.474988 0.513134 1551.15 0 0 0 0.282579 1090 0.263446 0.774515 14 100 275 318.626 45358.5 72034 0 0 0 0 0 0 0 0 0 0 0 0 0 0 0 0 0 0 0 0 0 0 0 1.13031 3
8151.61 0.72919 -0.407766 0.44202 0.695031 -0.131055 -0.686387 -0.169205 1619.69 0 0 0 0.251816 10539 0.304654 0.681367 9 172 48 325.702 45358.5 72034 0 0 0 0 0 0 0 0 0 0 0 0 0 0 0 0 0 0 0 0 0 0 0 1.00726 3