cost_weight: 0
information_weight: 1
NrOfUnknownVoxels weight: 0
AverageUncertainty weight: 1
AverageEndPointUncertainty weight: 500
UnknownObjectSideFrontier weight: 5
UnknownObjectVolumeFrontier weight: 5
ClassicFrontier weight: 1
EndNodeOccupancySum weight: 1
TotalOccupancyCertainty weight: 0
TotalNrOfOccupieds weight: 0

Retrieved for step: 33 (0=first step)
time pos_x pos_y pos_z rot_x rot_y rot_z rot_w return_value winning_margin return_value_mean return_value_stddev cost NrOfUnknownVoxels AverageUncertainty AverageEndPointUncertainty UnknownObjectSideFrontier UnknownObjectVolumeFrontier ClassicFrontier EndNodeOccupancySum TotalOccupancyCertainty TotalNrOfOccupieds base_distance_cost arm_distance_cost energy_cost
8191.59 0.71483 0.484717 0.403763 0.636385 -0.289265 -0.514386 0.496736 1415.43 0 0 0 1.13841 7464 0.330191 0.611275 9 122 142 312.463 45804.6 72548 0 0 0 0 0 0 0 0 0 0 0 0 0 0 0 0 0 0 0 0 0 0 0.98476 0.614611 7
8191.59 -0.71483 -0.484717 0.403763 0.289265 0.636385 0.496736 0.514386 1323.37 0 0 0 2.65959 246 0.278417 0.540385 11 135 39 283.895 45804.6 72548 0 0 0 0 0 0 0 0 0 0 0 0 0 0 0 0 0 0 0 0 0 0 2.50594 0.614611 7
8191.59 -0.442195 -0.712468 0.18225 -0.697774 0.158552 -0.157867 0.680479 1456.39 0 0 0 1.96185 308 0.259132 0.652996 9 110 45 489.636 45804.6 72548 0 0 0 0 0 0 0 0 0 0 0 0 0 0 0 0 0 0 0 0 0 0 1.853 0.435384 7
8191.59 0.484717 -0.71483 0.403763 -0.245451 0.654533 0.714971 0.0124809 789.076 0 0 0 1.13841 207 0.278884 0.627174 6 29 38 262.21 45804.6 72548 0 0 0 0 0 0 0 0 0 0 0 0 0 0 0 0 0 0 0 0 0 0 0.98476 0.614611 7
8191.59 0.712468 -0.442195 0.18225 -0.605514 -0.381287 0.369542 0.5928 1458.83 0 0 0 0.108846 454 0.254781 0.701723 12 78 178 479.713 45804.6 72548 0 0 0 0 0 0 0 0 0 0 0 0 0 0 0 0 0 0 0 0 0 0 0 0.435384 3
8191.59 0.587706 -0.699073 0.178803 -0.663572 -0.265993 0.474988 0.513134 1564.53 0 0 0 0.204519 1062 0.262782 0.757434 12 106 270 325.552 45804.6 72548 0 0 0 0 0 0 0 0 0 0 0 0 0 0 0 0 0 0 0 0 0 0 0 0.818075 3
8191.59 0.72919 -0.407766 0.44202 0.695031 -0.131055 -0.686387 -0.169205 1171.35 0 0 0 0 10509 0.302953 0.642779 6 89 34 340.662 45804.6 72548 0 0 0 0 0 0 0 0 0 0 0 0 0 0 0 0 0 0 0 0 0 0 0 0 0