cost_weight: 0
information_weight: 1
NrOfUnknownVoxels weight: 0
AverageUncertainty weight: 1
AverageEndPointUncertainty weight: 500
UnknownObjectSideFrontier weight: 5
UnknownObjectVolumeFrontier weight: 5
ClassicFrontier weight: 1
EndNodeOccupancySum weight: 1
TotalOccupancyCertainty weight: 0
TotalNrOfOccupieds weight: 0

Retrieved for step: 16 (0=first step)
time pos_x pos_y pos_z rot_x rot_y rot_z rot_w return_value winning_margin return_value_mean return_value_stddev cost NrOfUnknownVoxels AverageUncertainty AverageEndPointUncertainty UnknownObjectSideFrontier UnknownObjectVolumeFrontier ClassicFrontier EndNodeOccupancySum TotalOccupancyCertainty TotalNrOfOccupieds base_distance_cost arm_distance_cost energy_cost
7072.97 0.81647 0.191112 0.18225 0.413509 0.583983 -0.568267 -0.406258 4964.88 0 0 0 2.67009 4655 0.316151 0.841111 65 538 1095 434.004 35854.2 60197 0 0 0 0 0 0 0 0 0 0 0 0 0 0 0 0 0 0 0 0 0 0 2.50594 0.656589 7
7072.97 0.90989 -0.0787481 0.178803 -0.511269 -0.499684 0.6352 0.292304 5439.32 0 0 0 2.78852 5309 0.419384 0.842749 90 625 1159 283.527 35854.2 60197 0 0 0 0 0 0 0 0 0 0 0 0 0 0 0 0 0 0 0 0 0 0 2.50594 1.13031 7
7072.97 0.71483 0.484717 0.403763 0.636385 -0.289265 -0.514386 0.496736 1987.22 0 0 0 2.50594 8066 0.366015 0.795858 9 228 136 267.922 35854.2 60197 0 0 0 0 0 0 0 0 0 0 0 0 0 0 0 0 0 0 0 0 0 0 2.50594 0 4
7072.97 0.803949 0.227281 0.44202 -0.692277 -0.144898 0.698891 -0.106344 3683.53 0 0 0 2.75775 12320 0.37593 0.813795 24 510 302 304.262 35854.2 60197 0 0 0 0 0 0 0 0 0 0 0 0 0 0 0 0 0 0 0 0 0 0 2.50594 1.00726 7
7072.97 0.162714 0.848208 0.403763 0.69864 -0.0237116 -0.285138 0.655771 5310.03 0 0 0 1.853 31425 0.597807 0.804427 20 772 683 264.222 35854.2 60197 0 0 0 0 0 0 0 0 0 0 0 0 0 0 0 0 0 0 0 0 0 0 1.853 0 4
7072.97 0.407766 0.72919 0.44202 -0.584131 -0.398791 0.604995 -0.365703 2554.63 0 0 0 2.10482 6416 0.430368 0.831177 17 222 614 329.608 35854.2 60197 0 0 0 0 0 0 0 0 0 0 0 0 0 0 0 0 0 0 0 0 0 0 1.853 1.00726 7
7072.97 0.0787481 0.90989 0.178803 0.0081921 0.714851 -0.655844 0.242464 4340.94 0 0 0 1.26734 6461 0.425804 0.874371 42 427 1309 249.327 35854.2 60197 0 0 0 0 0 0 0 0 0 0 0 0 0 0 0 0 0 0 0 0 0 0 0.98476 1.13031 7
7072.97 -0.484717 0.71483 0.403763 0.654533 0.245451 -0.0124809 0.714971 3397.14 0 0 0 0.98476 34572 0.532107 0.71767 16 514 114 273.777 35854.2 60197 0 0 0 0 0 0 0 0 0 0 0 0 0 0 0 0 0 0 0 0 0 0 0.98476 0 4
7072.97 -0.712468 0.442195 0.18225 -0.381287 0.605514 -0.5928 0.369542 2704.41 0 0 0 0.164147 7419 0.370757 0.706636 14 149 1052 483.718 35854.2 60197 0 0 0 0 0 0 0 0 0 0 0 0 0 0 0 0 0 0 0 0 0 0 0 0.656589 3
7072.97 -0.587706 0.699073 0.178803 -0.265993 0.663572 -0.513134 0.474988 4353.52 0 0 0 0.282579 14214 0.446552 0.835967 27 438 1283 327.093 35854.2 60197 0 0 0 0 0 0 0 0 0 0 0 0 0 0 0 0 0 0 0 0 0 0 0 1.13031 3
7072.97 -0.688623 -0.560419 0.102341 0.440737 0.542098 0.606665 0.37926 5147.34 0 0 0 2.41166 34465 0.525168 0.836854 36 311 2570 423.385 35854.2 60197 0 0 0 0 0 0 0 0 0 0 0 0 0 0 0 0 0 0 0 0 0 0 2.30112 0.442166 7
7072.97 -0.81647 -0.191112 0.18225 -0.583983 0.413509 -0.406258 0.568267 4228.82 0 0 0 2.46527 9056 0.389367 0.727131 29 421 1149 465.87 35854.2 60197 0 0 0 0 0 0 0 0 0 0 0 0 0 0 0 0 0 0 0 0 0 0 2.30112 0.656589 7
7072.97 -0.90989 0.0787481 0.178803 -0.499684 0.511269 -0.292304 0.6352 5293.29 0 0 0 2.5837 11668 0.445216 0.673798 30 733 820 320.941 35854.2 60197 0 0 0 0 0 0 0 0 0 0 0 0 0 0 0 0 0 0 0 0 0 0 2.30112 1.13031 7
7072.97 -0.71483 -0.484717 0.403763 0.289265 0.636385 0.496736 0.514386 3430.14 0 0 0 2.30112 23416 0.471972 0.714821 20 451 475 242.256 35854.2 60197 0 0 0 0 0 0 0 0 0 0 0 0 0 0 0 0 0 0 0 0 0 0 2.30112 0 4
7072.97 -0.442195 -0.712468 0.18225 -0.697774 0.158552 -0.157867 0.680479 3433.31 0 0 0 2.89472 1655 0.32428 0.811203 37 418 347 405.38 35854.2 60197 0 0 0 0 0 0 0 0 0 0 0 0 0 0 0 0 0 0 0 0 0 0 2.73057 0.656589 7
7072.97 -0.699073 -0.587706 0.178803 -0.657302 0.28113 -0.0269729 0.698708 4179.61 0 0 0 3.01315 6236 0.400841 0.723159 33 456 1063 309.634 35854.2 60197 0 0 0 0 0 0 0 0 0 0 0 0 0 0 0 0 0 0 0 0 0 0 2.73057 1.13031 7
7072.97 -0.162714 -0.848208 0.403763 0.0237116 0.69864 0.655771 0.285138 3185.87 0 0 0 2.73057 853 0.28333 0.769386 17 485 86 204.897 35854.2 60197 0 0 0 0 0 0 0 0 0 0 0 0 0 0 0 0 0 0 0 0 0 0 2.73057 0 4
7072.97 -0.0787481 -0.90989 0.178803 -0.714851 0.0081921 0.242464 0.655844 5311.22 0 0 0 3.2273 1742 0.312361 0.860917 41 840 222 253.446 35854.2 60197 0 0 0 0 0 0 0 0 0 0 0 0 0 0 0 0 0 0 0 0 0 0 2.94472 1.13031 7
7072.97 0.484717 -0.71483 0.403763 -0.245451 0.654533 0.714971 0.0124809 1900.06 0 0 0 2.94472 937 0.321671 0.806038 16 220 103 213.719 35854.2 60197 0 0 0 0 0 0 0 0 0 0 0 0 0 0 0 0 0 0 0 0 0 0 2.94472 0 4
7072.97 0.227281 -0.803949 0.44202 0.591972 -0.387056 -0.569387 -0.418994 2631.14 0 0 0 3.19654 543 0.257058 0.832025 21 360 50 259.874 35854.2 60197 0 0 0 0 0 0 0 0 0 0 0 0 0 0 0 0 0 0 0 0 0 0 2.94472 1.00726 7
7072.97 0.712468 -0.442195 0.18225 -0.605514 -0.381287 0.369542 0.5928 3190.19 0 0 0 3.04172 3965 0.311472 0.863254 55 257 793 405.25 35854.2 60197 0 0 0 0 0 0 0 0 0 0 0 0 0 0 0 0 0 0 0 0 0 0 2.87757 0.656589 7
7072.97 0.587706 -0.699073 0.178803 -0.663572 -0.265993 0.474988 0.513134 3236.93 0 0 0 3.16015 2872 0.308339 0.850764 50 357 501 275.242 35854.2 60197 0 0 0 0 0 0 0 0 0 0 0 0 0 0 0 0 0 0 0 0 0 0 2.87757 1.13031 7
7072.97 0.848208 -0.162714 0.403763 -0.477247 0.51078 0.665323 -0.262077 3336.86 0 0 0 2.87757 18972 0.43913 0.774095 15 494 169 235.374 35854.2 60197 0 0 0 0 0 0 0 0 0 0 0 0 0 0 0 0 0 0 0 0 0 0 2.87757 0 4
7072.97 0.72919 -0.407766 0.44202 0.695031 -0.131055 -0.686387 -0.169205 3195.92 0 0 0 3.12939 11117 0.339899 0.818132 26 447 142 279.512 35854.2 60197 0 0 0 0 0 0 0 0 0 0 0 0 0 0 0 0 0 0 0 0 0 0 2.87757 1.00726 7