cost_weight: 0
information_weight: 1
NrOfUnknownVoxels weight: 0
AverageUncertainty weight: 1
AverageEndPointUncertainty weight: 500
UnknownObjectSideFrontier weight: 5
UnknownObjectVolumeFrontier weight: 5
ClassicFrontier weight: 1
EndNodeOccupancySum weight: 1
TotalOccupancyCertainty weight: 0
TotalNrOfOccupieds weight: 0

Retrieved for step: 31 (0=first step)
time pos_x pos_y pos_z rot_x rot_y rot_z rot_w return_value winning_margin return_value_mean return_value_stddev cost NrOfUnknownVoxels AverageUncertainty AverageEndPointUncertainty UnknownObjectSideFrontier UnknownObjectVolumeFrontier ClassicFrontier EndNodeOccupancySum TotalOccupancyCertainty TotalNrOfOccupieds base_distance_cost arm_distance_cost energy_cost
8113.91 0.71483 0.484717 0.403763 0.636385 -0.289265 -0.514386 0.496736 1698.46 0 0 0 2.00665 7540 0.330975 0.67442 13 170 147 298.918 44576.7 70805 0 0 0 0 0 0 0 0 0 0 0 0 0 0 0 0 0 0 0 0 0 0 1.853 0.614611 7
8113.91 -0.81647 -0.191112 0.18225 -0.583983 0.413509 -0.406258 0.568267 2068.12 0 0 0 1.96185 1617 0.289864 0.595368 19 142 437 528.142 44576.7 70805 0 0 0 0 0 0 0 0 0 0 0 0 0 0 0 0 0 0 0 0 0 0 1.853 0.435384 7
8113.91 -0.71483 -0.484717 0.403763 0.289265 0.636385 0.496736 0.514386 1355.93 0 0 0 2.00665 285 0.318892 0.553724 11 135 66 282.747 44576.7 70805 0 0 0 0 0 0 0 0 0 0 0 0 0 0 0 0 0 0 0 0 0 0 1.853 0.614611 7
8113.91 -0.442195 -0.712468 0.18225 -0.697774 0.158552 -0.157867 0.680479 1380.16 0 0 0 1.09361 425 0.261139 0.673137 11 83 95 478.334 44576.7 70805 0 0 0 0 0 0 0 0 0 0 0 0 0 0 0 0 0 0 0 0 0 0 0.98476 0.435384 7
8113.91 0.484717 -0.71483 0.403763 -0.245451 0.654533 0.714971 0.0124809 823.514 0 0 0 0.153653 283 0.279951 0.655751 9 31 46 249.358 44576.7 70805 0 0 0 0 0 0 0 0 0 0 0 0 0 0 0 0 0 0 0 0 0 0 0 0.614611 3
8113.91 0.712468 -0.442195 0.18225 -0.605514 -0.381287 0.369542 0.5928 1768.97 0 0 0 1.09361 750 0.256759 0.759784 17 126 223 450.818 44576.7 70805 0 0 0 0 0 0 0 0 0 0 0 0 0 0 0 0 0 0 0 0 0 0 0.98476 0.435384 7
8113.91 0.587706 -0.699073 0.178803 -0.663572 -0.265993 0.474988 0.513134 2010.49 0 0 0 1.18928 1208 0.264442 0.785153 13 191 283 314.645 44576.7 70805 0 0 0 0 0 0 0 0 0 0 0 0 0 0 0 0 0 0 0 0 0 0 0.98476 0.818075 7
8113.91 0.848208 -0.162714 0.403763 -0.477247 0.51078 0.665323 -0.262077 2284.13 0 0 0 1.13841 347 0.256048 0.634605 11 326 16 265.569 44576.7 70805 0 0 0 0 0 0 0 0 0 0 0 0 0 0 0 0 0 0 0 0 0 0 0.98476 0.614611 7
8113.91 0.72919 -0.407766 0.44202 0.695031 -0.131055 -0.686387 -0.169205 2003.16 0 0 0 0.98476 10546 0.306392 0.710349 11 242 68 314.675 44576.7 70805 0 0 0 0 0 0 0 0 0 0 0 0 0 0 0 0 0 0 0 0 0 0 0.98476 0 4