 48.00000000
  0.80000000   0.80000000   0.80000000   0.56568542   0.56568542   0.56568542   0.00000000
  0.00000000   0.00000000  -0.56568542  -0.56568542  -0.56568542  -0.80000000  -0.80000000
 -0.80000000  -0.56568542  -0.56568542  -0.56568542  -0.00000000  -0.00000000  -0.00000000
  0.56568542   0.56568542   0.56568542   0.80000000   0.80000000   0.80000000   0.56568542
  0.56568542   0.56568542   0.00000000   0.00000000   0.00000000  -0.56568542  -0.56568542
 -0.56568542  -0.80000000  -0.80000000  -0.80000000  -0.56568542  -0.56568542  -0.56568542
 -0.00000000  -0.00000000  -0.00000000   0.56568542   0.56568542   0.56568542   0.00000000
  0.00000000   0.00000000   0.56568542   0.56568542   0.56568542   0.80000000   0.80000000
  0.80000000   0.56568542   0.56568542   0.56568542   0.00000000   0.00000000   0.00000000
 -0.56568542  -0.56568542  -0.56568542  -0.80000000  -0.80000000  -0.80000000  -0.56568542
 -0.56568542  -0.56568542   0.00000000   0.00000000   0.00000000   0.56568542   0.56568542
  0.56568542   0.80000000   0.80000000   0.80000000   0.56568542   0.56568542   0.56568542
  0.00000000   0.00000000   0.00000000  -0.56568542  -0.56568542  -0.56568542  -0.80000000
 -0.80000000  -0.80000000  -0.56568542  -0.56568542  -0.56568542   0.20000000   0.20000000
  0.20000000   0.20000000   0.20000000   0.20000000   0.20000000   0.20000000   0.20000000
  0.20000000   0.20000000   0.20000000   0.20000000   0.20000000   0.20000000   0.20000000
  0.20000000   0.20000000   0.20000000   0.20000000   0.20000000   0.20000000   0.20000000
  0.20000000   0.70000000   0.70000000   0.70000000   0.70000000   0.70000000   0.70000000
  0.70000000   0.70000000   0.70000000   0.70000000   0.70000000   0.70000000   0.70000000
  0.70000000   0.70000000   0.70000000   0.70000000   0.70000000   0.70000000   0.70000000
  0.70000000   0.70000000   0.70000000   0.70000000  -0.70710678  -0.57357644  -0.81915204
 -0.65328148  -0.52991553  -0.75679781  -0.50000000  -0.40557979  -0.57922797  -0.27059805
 -0.21949820  -0.31347592  -0.00000000  -0.00000000  -0.00000000   0.27059805   0.21949820
  0.31347592   0.50000000   0.40557979   0.57922797   0.65328148   0.52991553   0.75679781
 -0.70710678  -0.57357644  -0.81915204  -0.65328148  -0.52991553  -0.75679781  -0.50000000
 -0.40557979  -0.57922797  -0.27059805  -0.21949820  -0.31347592  -0.00000000  -0.00000000
 -0.00000000   0.27059805   0.21949820   0.31347592   0.50000000   0.40557979   0.57922797
  0.65328148   0.52991553   0.75679781   0.00000000   0.00000000   0.00000000  -0.27059805
 -0.21949820  -0.31347592  -0.50000000  -0.40557979  -0.57922797  -0.65328148  -0.52991553
 -0.75679781  -0.70710678  -0.57357644  -0.81915204  -0.65328148  -0.52991553  -0.75679781
 -0.50000000  -0.40557979  -0.57922797  -0.27059805  -0.21949820  -0.31347592   0.00000000
  0.00000000   0.00000000  -0.27059805  -0.21949820  -0.31347592  -0.50000000  -0.40557979
 -0.57922797  -0.65328148  -0.52991553  -0.75679781  -0.70710678  -0.57357644  -0.81915204
 -0.65328148  -0.52991553  -0.75679781  -0.50000000  -0.40557979  -0.57922797  -0.27059805
 -0.21949820  -0.31347592   0.70710678   0.81915204   0.57357644   0.65328148   0.75679781
  0.52991553   0.50000000   0.57922797   0.40557979   0.27059805   0.31347592   0.21949820
  0.00000000   0.00000000   0.00000000  -0.27059805  -0.31347592  -0.21949820  -0.50000000
 -0.57922797  -0.40557979  -0.65328148  -0.75679781  -0.52991553   0.70710678   0.81915204
  0.57357644   0.65328148   0.75679781   0.52991553   0.50000000   0.57922797   0.40557979
  0.27059805   0.31347592   0.21949820   0.00000000   0.00000000   0.00000000  -0.27059805
 -0.31347592  -0.21949820  -0.50000000  -0.57922797  -0.40557979  -0.65328148  -0.75679781
 -0.52991553   0.00000000   0.00000000   0.00000000  -0.27059805  -0.31347592  -0.21949820
 -0.50000000  -0.57922797  -0.40557979  -0.65328148  -0.75679781  -0.52991553  -0.70710678
 -0.81915204  -0.57357644  -0.65328148  -0.75679781  -0.52991553  -0.50000000  -0.57922797
 -0.40557979  -0.27059805  -0.31347592  -0.21949820   0.00000000   0.00000000   0.00000000
 -0.27059805  -0.31347592  -0.21949820  -0.50000000  -0.57922797  -0.40557979  -0.65328148
 -0.75679781  -0.52991553  -0.70710678  -0.81915204  -0.57357644  -0.65328148  -0.75679781
 -0.52991553  -0.50000000  -0.57922797  -0.40557979  -0.27059805  -0.31347592  -0.21949820
