80
  0.50000000   0.00000000   0.15000000  -0.70710678   0.00000000   0.70710678   0.00000000
  0.46193977   0.19134172   0.15000000  -0.69351992  -0.13794969   0.69351992  -0.13794969
  0.35355339   0.35355339   0.15000000  -0.65328148  -0.27059805   0.65328148  -0.27059805
  0.19134172   0.46193977   0.15000000  -0.58793780  -0.39284748   0.58793780  -0.39284748
  0.00000000   0.50000000   0.15000000  -0.50000000  -0.50000000   0.50000000  -0.50000000
 -0.19134172   0.46193977   0.15000000  -0.39284748  -0.58793780   0.39284748  -0.58793780
 -0.35355339   0.35355339   0.15000000  -0.27059805  -0.65328148   0.27059805  -0.65328148
 -0.46193977   0.19134172   0.15000000  -0.13794969  -0.69351992   0.13794969  -0.69351992
 -0.50000000   0.00000000   0.15000000  -0.00000000  -0.70710678   0.00000000  -0.70710678
 -0.46193977  -0.19134172   0.15000000   0.13794969  -0.69351992  -0.13794969  -0.69351992
 -0.35355339  -0.35355339   0.15000000   0.27059805  -0.65328148  -0.27059805  -0.65328148
 -0.19134172  -0.46193977   0.15000000   0.39284748  -0.58793780  -0.39284748  -0.58793780
 -0.00000000  -0.50000000   0.15000000   0.50000000  -0.50000000  -0.50000000  -0.50000000
  0.19134172  -0.46193977   0.15000000   0.58793780  -0.39284748  -0.58793780  -0.39284748
  0.35355339  -0.35355339   0.15000000   0.65328148  -0.27059805  -0.65328148  -0.27059805
  0.46193977  -0.19134172   0.15000000   0.69351992  -0.13794969  -0.69351992  -0.13794969
  0.50000000   0.00000000   0.30000000  -0.70710678   0.00000000   0.70710678   0.00000000
  0.46193977   0.19134172   0.30000000  -0.69351992  -0.13794969   0.69351992  -0.13794969
  0.35355339   0.35355339   0.30000000  -0.65328148  -0.27059805   0.65328148  -0.27059805
  0.19134172   0.46193977   0.30000000  -0.58793780  -0.39284748   0.58793780  -0.39284748
  0.00000000   0.50000000   0.30000000  -0.50000000  -0.50000000   0.50000000  -0.50000000
 -0.19134172   0.46193977   0.30000000  -0.39284748  -0.58793780   0.39284748  -0.58793780
 -0.35355339   0.35355339   0.30000000  -0.27059805  -0.65328148   0.27059805  -0.65328148
 -0.46193977   0.19134172   0.30000000  -0.13794969  -0.69351992   0.13794969  -0.69351992
 -0.50000000   0.00000000   0.30000000  -0.00000000  -0.70710678   0.00000000  -0.70710678
 -0.46193977  -0.19134172   0.30000000   0.13794969  -0.69351992  -0.13794969  -0.69351992
 -0.35355339  -0.35355339   0.30000000   0.27059805  -0.65328148  -0.27059805  -0.65328148
 -0.19134172  -0.46193977   0.30000000   0.39284748  -0.58793780  -0.39284748  -0.58793780
 -0.00000000  -0.50000000   0.30000000   0.50000000  -0.50000000  -0.50000000  -0.50000000
  0.19134172  -0.46193977   0.30000000   0.58793780  -0.39284748  -0.58793780  -0.39284748
  0.35355339  -0.35355339   0.30000000   0.65328148  -0.27059805  -0.65328148  -0.27059805
  0.46193977  -0.19134172   0.30000000   0.69351992  -0.13794969  -0.69351992  -0.13794969
  0.50000000   0.00000000   0.45000000  -0.70710678   0.00000000   0.70710678   0.00000000
  0.43301270   0.00000000   0.70000000  -0.86602540   0.00000000   0.50000000   0.00000000
  0.25000000   0.00000000   0.88301270  -0.96592583   0.00000000   0.25881905   0.00000000
  0.46193977   0.19134172   0.45000000  -0.69351992  -0.13794969   0.69351992  -0.13794969
  0.40005157   0.16570679   0.70000000  -0.84938497  -0.16895317   0.49039264  -0.09754516
  0.23096988   0.09567086   0.88301270  -0.94736583  -0.18844278   0.25384591  -0.05049309
  0.35355339   0.35355339   0.45000000  -0.65328148  -0.27059805   0.65328148  -0.27059805
  0.30618622   0.30618622   0.70000000  -0.80010315  -0.33141357   0.46193977  -0.19134172
  0.17677670   0.17677670   0.88301270  -0.89239910  -0.36964381   0.23911762  -0.09904576
  0.19134172   0.46193977   0.45000000  -0.58793780  -0.39284748   0.58793780  -0.39284748
  0.16570679   0.40005157   0.70000000  -0.72007381  -0.48113794   0.41573481  -0.27778512
  0.09567086   0.23096988   0.88301270  -0.80313797  -0.53663964   0.21520017  -0.14379216
  0.00000000   0.50000000   0.45000000  -0.50000000  -0.50000000   0.50000000  -0.50000000
  0.00000000   0.43301270   0.70000000  -0.61237244  -0.61237244   0.35355339  -0.35355339
  0.00000000   0.25000000   0.88301270  -0.68301270  -0.68301270   0.18301270  -0.18301270
 -0.19134172   0.46193977   0.45000000  -0.39284748  -0.58793780   0.39284748  -0.58793780
 -0.16570679   0.40005157   0.70000000  -0.48113794  -0.72007381   0.27778512  -0.41573481
 -0.09567086   0.23096988   0.88301270  -0.53663964  -0.80313797   0.14379216  -0.21520017
 -0.35355339   0.35355339   0.45000000  -0.27059805  -0.65328148   0.27059805  -0.65328148
 -0.30618622   0.30618622   0.70000000  -0.33141357  -0.80010315   0.19134172  -0.46193977
 -0.17677670   0.17677670   0.88301270  -0.36964381  -0.89239910   0.09904576  -0.23911762
 -0.46193977   0.19134172   0.45000000  -0.13794969  -0.69351992   0.13794969  -0.69351992
 -0.40005157   0.16570679   0.70000000  -0.16895317  -0.84938497   0.09754516  -0.49039264
 -0.23096988   0.09567086   0.88301270  -0.18844278  -0.94736583   0.05049309  -0.25384591
 -0.50000000   0.00000000   0.45000000  -0.00000000  -0.70710678   0.00000000  -0.70710678
 -0.43301270   0.00000000   0.70000000  -0.00000000  -0.86602540   0.00000000  -0.50000000
 -0.25000000   0.00000000   0.88301270  -0.00000000  -0.96592583   0.00000000  -0.25881905
 -0.46193977  -0.19134172   0.45000000   0.13794969  -0.69351992  -0.13794969  -0.69351992
 -0.40005157  -0.16570679   0.70000000   0.16895317  -0.84938497  -0.09754516  -0.49039264
 -0.23096988  -0.09567086   0.88301270   0.18844278  -0.94736583  -0.05049309  -0.25384591
 -0.35355339  -0.35355339   0.45000000   0.27059805  -0.65328148  -0.27059805  -0.65328148
 -0.30618622  -0.30618622   0.70000000   0.33141357  -0.80010315  -0.19134172  -0.46193977
 -0.17677670  -0.17677670   0.88301270   0.36964381  -0.89239910  -0.09904576  -0.23911762
 -0.19134172  -0.46193977   0.45000000   0.39284748  -0.58793780  -0.39284748  -0.58793780
 -0.16570679  -0.40005157   0.70000000   0.48113794  -0.72007381  -0.27778512  -0.41573481
 -0.09567086  -0.23096988   0.88301270   0.53663964  -0.80313797  -0.14379216  -0.21520017
 -0.00000000  -0.50000000   0.45000000   0.50000000  -0.50000000  -0.50000000  -0.50000000
 -0.00000000  -0.43301270   0.70000000   0.61237244  -0.61237244  -0.35355339  -0.35355339
 -0.00000000  -0.25000000   0.88301270   0.68301270  -0.68301270  -0.18301270  -0.18301270
  0.19134172  -0.46193977   0.45000000   0.58793780  -0.39284748  -0.58793780  -0.39284748
  0.16570679  -0.40005157   0.70000000   0.72007381  -0.48113794  -0.41573481  -0.27778512
  0.09567086  -0.23096988   0.88301270   0.80313797  -0.53663964  -0.21520017  -0.14379216
  0.35355339  -0.35355339   0.45000000   0.65328148  -0.27059805  -0.65328148  -0.27059805
  0.30618622  -0.30618622   0.70000000   0.80010315  -0.33141357  -0.46193977  -0.19134172
  0.17677670  -0.17677670   0.88301270   0.89239910  -0.36964381  -0.23911762  -0.09904576
  0.46193977  -0.19134172   0.45000000   0.69351992  -0.13794969  -0.69351992  -0.13794969
  0.40005157  -0.16570679   0.70000000   0.84938497  -0.16895317  -0.49039264  -0.09754516
  0.23096988  -0.09567086   0.88301270   0.94736583  -0.18844278  -0.25384591  -0.05049309
