16
0.194454 -0.251887 0.201752 0.45447 0.530523 0.491036 0.520467
0.182348 0.00959786 0.44202 -0.0444056 0.705883 0.00530219 0.706915
0.608504 -0.747718 0.201752 0.216853 0.664058 0.652832 0.292938
0.415046 -0.57138 0.44202 -0.311155 0.635158 0.275423 0.651075
1.25189 -0.805546 0.201752 -0.0537778 0.696495 0.71524 0.0208111
0.990402 -0.817652 0.44202 0.530534 -0.467735 -0.503614 -0.496115
1.74772 -0.391496 0.201752 -0.316221 0.622898 0.66876 -0.254484
1.57138 -0.584954 0.44202 0.669144 -0.229104 -0.655133 -0.265626
1.80555 0.251887 0.201752 0.530523 -0.45447 -0.520467 0.491036
1.81765 -0.00959786 0.44202 -0.705883 -0.0444056 0.706915 -0.00530219
1.3915 0.747718 0.201752 0.664058 -0.216853 -0.292938 0.652832
1.58495 0.57138 0.44202 -0.635158 -0.311155 0.651075 -0.275423
0.748113 0.805546 0.201752 0.696495 0.0537778 -0.0208111 0.71524
1.0096 0.817652 0.44202 0.467735 0.530534 -0.496115 0.503614
0.252282 0.391496 0.201752 0.622898 0.316221 0.254484 0.66876
0.42862 0.584954 0.44202 0.229104 0.669144 -0.265626 0.655133