
time pos_x pos_y pos_z rot_x rot_y rot_z rot_w return_value winning_margin return_value_mean return_value_stddev cost NrOfUnknownVoxels AverageUncertainty AverageEndPointUncertainty UnknownObjectSideFrontier UnknownObjectVolumeFrontier ClassicFrontier EndNodeOccupancySum TotalOccupancyCertainty TotalNrOfOccupieds TotalNrOfNodes base_distance_cost arm_distance_cost energy_cost
2650.29 0.784615 0.391029 0.103551 0.399744 -0.426945 -0.514679 0.626919 -0.927082 0 0 0 0.927082 17599 0.432428 0.707124 231 12661 524 190.053 26573.4 44149 2.28648e+06 0.658179 1.07561 7
2650.29 0.796541 0.392165 0.102341 0.489039 -0.498959 -0.445141 0.560116 -0.928582 0 0 0 0.928582 46630 0.561363 0.800961 332 15665 1408 420.263 26573.4 44149 2.28648e+06 0.658179 1.08161 8
2650.29 0.85735 -0.282023 0.177665 0.612024 0.523389 -0.526038 -0.27345 -0.658179 0 0 0 0.658179 11915 0.565872 0.893293 49 1038 1193 123.951 26573.4 44149 2.28648e+06 0.658179 0 4
2650.29 0.869214 -0.280303 0.178803 -0.564268 -0.438954 0.598258 0.36195 -0.659679 0 0 0 0.659679 15792 0.48631 0.868277 118 3945 1333 197.486 26573.4 44149 2.28648e+06 0.658179 0.006 5
2650.29 0.811895 0.138595 0.441952 0.692193 0.170782 -0.688676 0.132017 -0.863694 0 0 0 0.863694 8838 0.462764 0.77368 146 5341 770 152.064 26573.4 44149 2.28648e+06 0.658179 0.822059 7
2650.29 0.823674 0.141092 0.442019 -0.704188 -0.0660472 0.706419 -0.0269939 -0.865194 0 0 0 0.865194 21488 0.505668 0.779277 233 10639 834 242.924 26573.4 44149 2.28648e+06 0.658179 0.828059 8
2650.29 0.278308 0.831305 0.103551 0.5327 -0.241471 -0.23559 0.776157 -1.14647 0 0 0 1.14647 59085 0.79296 0.508794 332 40320 470 244.558 26573.4 44149 2.28648e+06 0.877572 1.07561 7
2650.29 0.285937 0.840543 0.102341 0.642757 -0.273831 -0.19691 0.687828 -1.14797 0 0 0 1.14797 93675 0.799567 0.656074 471 42635 1186 393.77 26573.4 44149 2.28648e+06 0.877572 1.08161 8
2650.29 0.805659 0.406817 0.177665 0.365144 0.71776 -0.590641 -0.0513285 -0.877572 0 0 0 0.877572 18030 0.504479 0.89248 142 2054 1910 268.574 26573.4 44149 2.28648e+06 0.877572 0 4
2650.29 0.812831 0.416423 0.178803 -0.353336 -0.621477 0.691231 0.105455 -0.879072 0 0 0 0.879072 10350 0.402298 0.814228 155 5383 1082 232.411 26573.4 44149 2.28648e+06 0.877572 0.006 5
2650.29 0.476095 0.672098 0.441952 -0.574148 -0.422672 0.585733 -0.385512 -1.08309 0 0 0 1.08309 24455 0.53615 0.636577 254 15751 641 227.01 26573.4 44149 2.28648e+06 0.877572 0.822059 7
2650.29 0.482658 0.682193 0.442019 -0.62531 -0.330501 0.642316 -0.295274 -1.08459 0 0 0 1.08459 64676 0.67078 0.654056 457 40066 1388 338.505 26573.4 44149 2.28648e+06 0.877572 0.828059 8
2650.29 -0.391029 0.784615 0.103551 0.584558 -0.0192341 0.0793654 0.807232 -1.36587 0 0 0 1.36587 18313 0.499479 0.661046 147 8074 323 163.352 26573.4 44149 2.28648e+06 1.09697 1.07561 7
2650.29 -0.392165 0.796541 0.102341 0.69862 -0.00701452 0.0812994 0.710824 -1.36737 0 0 0 1.36737 36267 0.581916 0.8061 236 11905 1358 373.094 26573.4 44149 2.28648e+06 1.09697 1.08161 8
2650.29 0.282023 0.85735 0.177665 0.062674 0.802858 -0.565323 0.178607 -1.09697 0 0 0 1.09697 45017 0.685875 0.871382 137 2501 1356 314.32 26573.4 44149 2.28648e+06 1.09697 0 4
2650.29 0.280303 0.869214 0.178803 0.0886107 0.709385 -0.67897 0.167095 -1.09847 0 0 0 1.09847 43839 0.658481 0.743392 212 15814 995 283.993 26573.4 44149 2.28648e+06 1.09697 0.006 5
2650.29 -0.138595 0.811895 0.441952 0.368694 0.610215 -0.393617 0.580317 -1.30248 0 0 0 1.30248 48613 0.621967 0.655212 294 26287 1037 299.215 26573.4 44149 2.28648e+06 1.09697 0.822059 7
2650.29 -0.141092 0.823674 0.442019 0.451234 0.544639 -0.480426 0.518602 -1.30398 0 0 0 1.30398 48640 0.598658 0.581498 387 29062 1046 343.987 26573.4 44149 2.28648e+06 1.09697 0.828059 8
2650.29 -0.831305 0.278308 0.103551 0.547421 0.205931 0.382238 0.715413 -1.58526 0 0 0 1.58526 1319 0.348825 0.78648 31 1075 98 94.0478 26573.4 44149 2.28648e+06 1.31636 1.07561 7
2650.29 -0.840543 0.285937 0.102341 0.648125 0.26087 0.347131 0.625604 -1.58676 0 0 0 1.58676 9716 0.453429 0.851505 136 2199 1283 296.312 26573.4 44149 2.28648e+06 1.31636 1.08161 8
2650.29 -0.406817 0.805659 0.177665 -0.249337 0.765728 -0.453941 0.381351 -1.31636 0 0 0 1.31636 26029 0.629272 0.843405 148 4075 1903 238.837 26573.4 44149 2.28648e+06 1.31636 0 4
2650.29 -0.416423 0.812831 0.178803 -0.189604 0.689297 -0.563342 0.414206 -1.31786 0 0 0 1.31786 26096 0.563947 0.782549 158 9403 1225 233.751 26573.4 44149 2.28648e+06 1.31636 0.006 5
2650.29 -0.672098 0.476095 0.441952 0.107109 0.704858 -0.141577 0.686774 -1.52187 0 0 0 1.52187 17547 0.385635 0.848114 114 4265 474 233.833 26573.4 44149 2.28648e+06 1.31636 0.822059 7
2650.29 -0.682193 0.482658 0.442019 0.208461 0.67586 -0.245396 0.662977 -1.52337 0 0 0 1.52337 10442 0.343943 0.824221 117 4117 276 222.81 26573.4 44149 2.28648e+06 1.31636 0.828059 8
2650.29 -0.784615 -0.391029 0.103551 0.426945 0.399744 0.626919 0.514679 -0.488295 0 0 0 0.488295 6660 0.463832 0.639378 6 129 335 111.571 26573.4 44149 2.28648e+06 0.219393 1.07561 7
2650.29 -0.796541 -0.392165 0.102341 0.498959 0.489039 0.560116 0.445141 -0.489795 0 0 0 0.489795 28395 0.594607 0.860078 33 800 1444 270.161 26573.4 44149 2.28648e+06 0.219393 1.08161 8
2650.29 -0.85735 0.282023 0.177665 -0.523389 0.612024 -0.27345 0.526038 -0.219393 0 0 0 0.219393 7148 0.429353 0.888223 58 584 1132 400.795 26573.4 44149 2.28648e+06 0.219393 0 4
2650.29 -0.869214 0.280303 0.178803 -0.438954 0.564268 -0.36195 0.598258 -0.220893 0 0 0 0.220893 5368 0.356806 0.896869 47 1083 516 265.855 26573.4 44149 2.28648e+06 0.219393 0.006 5
2650.29 -0.811895 -0.138595 0.441952 -0.170782 0.692193 0.132017 0.688676 -0.424908 0 0 0 0.424908 30701 0.533401 0.77389 33 759 363 246.448 26573.4 44149 2.28648e+06 0.219393 0.822059 7
2650.29 -0.823674 -0.141092 0.442019 -0.0660472 0.704188 0.0269939 0.706419 -0.426408 0 0 0 0.426408 29334 0.515963 0.817304 23 346 281 244.227 26573.4 44149 2.28648e+06 0.219393 0.828059 8
2650.29 -0.812831 -0.416423 0.178803 -0.621477 0.353336 -0.105455 0.691231 -0.0015 0 0 0 0.0015 40679 0.599609 0.895576 20 467 1631 297.642 26573.4 44149 2.28648e+06 0 0.006 1
2650.29 0.831305 -0.278308 0.103551 -0.205931 0.547421 0.715413 -0.382238 -0.707688 0 0 0 0.707688 8198 0.414322 0.720564 74 2700 680 113.23 26573.4 44149 2.28648e+06 0.438786 1.07561 7
2650.29 0.840543 -0.285937 0.102341 -0.26087 0.648125 0.625604 -0.347131 -0.709188 0 0 0 0.709188 37593 0.567053 0.869323 159 5569 3437 336.942 26573.4 44149 2.28648e+06 0.438786 1.08161 8
2650.29 0.406817 -0.805659 0.177665 0.765728 0.249337 -0.381351 -0.453941 -0.438786 0 0 0 0.438786 26344 0.686937 0.89283 31 1628 1444 120.682 26573.4 44149 2.28648e+06 0.438786 0 4
2650.29 0.416423 -0.812831 0.178803 -0.689297 -0.189604 0.414206 0.563342 -0.440286 0 0 0 0.440286 36464 0.59329 0.801593 27 1327 1850 231.293 26573.4 44149 2.28648e+06 0.438786 0.006 5
2650.29 0.672098 -0.476095 0.441952 0.704858 -0.107109 -0.686774 -0.141577 -0.644301 0 0 0 0.644301 41017 0.618906 0.792979 49 2133 298 178.639 26573.4 44149 2.28648e+06 0.438786 0.822059 7
2650.29 0.682193 -0.482658 0.442019 0.67586 -0.208461 -0.662977 -0.245396 -0.645801 0 0 0 0.645801 51717 0.639701 0.757524 41 2008 497 218.676 26573.4 44149 2.28648e+06 0.438786 0.828059 8