cost_weight: 1
information_weight: 0
NrOfUnknownVoxels weight: 0
AverageUncertainty weight: 0
AverageEndPointUncertainty weight: 0
UnknownObjectSideFrontier weight: 0
UnknownObjectVolumeFrontier weight: 0
ClassicFrontier weight: 0
EndNodeOccupancySum weight: 0
TotalOccupancyCertainty weight: 0
TotalNrOfOccupieds weight: 0
TotalNrOfNodes weight: 0
time pos_x pos_y pos_z rot_x rot_y rot_z rot_w return_value winning_margin return_value_mean return_value_stddev cost NrOfUnknownVoxels AverageUncertainty AverageEndPointUncertainty UnknownObjectSideFrontier UnknownObjectVolumeFrontier ClassicFrontier EndNodeOccupancySum TotalOccupancyCertainty TotalNrOfOccupieds TotalNrOfNodes base_distance_cost arm_distance_cost energy_cost
2014.14 -0.280303 -0.869214 0.178803 -0.709385 0.0886107 0.167095 0.67897 -0.12126 0.0015 -0.672423 0.352872 0.12126 29212 0.939699 0.951429 7 601 97 73.4 6996 12462 495109 0.0186754 0.41034 7
2059.57 -0.282023 -0.85735 0.177665 -0.802858 0.062674 0.178607 0.565323 -0.0015 0.204015 -0.666407 0.35217 0.0015 25453 0.85679 0.968539 3 5 721 91.8 9466.58 16803 976854 0 0.006 1
2104.73 0.138595 -0.811895 0.441952 0.610215 -0.368694 -0.580317 -0.393617 -0.205515 0.0015 -0.680862 0.341907 0.205515 42908 0.72964 0.908046 3 3 652 183.448 11277.7 19711 1.2108e+06 0 0.822059 3
2158.22 0.141092 -0.823674 0.442019 0.544639 -0.451234 -0.518602 -0.480426 -0.0015 0.122484 -0.631692 0.340131 0.0015 35242 0.615778 0.880089 4 7 557 234.621 15324.8 26517 1.47745e+06 0 0.006 1
2217.25 0.392165 -0.796541 0.102341 0.00701452 0.69862 0.710824 -0.0812994 -0.123984 0.0015 -0.646014 0.330284 0.123984 53524 0.777607 0.87956 14 1146 228 195.517 19253.3 32913 1.79977e+06 0 0.495936 3
2273.45 0.391029 -0.784615 0.103551 0.0192341 0.584558 0.807232 -0.0793654 -0.0015 0.217893 -0.731732 0.356656 0.0015 17436 0.57935 0.744077 0 0 682 126.848 19812.9 33686 1.85676e+06 0 0.006 1
2328.2 -0.278308 -0.831305 0.103551 0.241471 0.5327 0.776157 0.23559 -0.219393 1.11022e-16 -0.749119 0.342394 0.219393 11622 0.475094 0.68894 0 0 297 123.895 20070 33900 1.82764e+06 0.219393 0 4
2389.89 -0.285937 -0.840543 0.102341 0.273831 0.642757 0.687828 0.19691 -0.0015 0.180243 -0.863709 0.450509 0.0015 39670 0.605006 0.793665 21 1156 724 253.33 20390.3 34196 1.90116e+06 0 0.006 1
2445.73 -0.482658 -0.682193 0.442019 -0.330501 0.62531 0.295274 0.642316 -0.181743 0.0015 -0.885264 0.434721 0.181743 31557 0.550495 0.693865 12 290 807 259.268 20657.3 34322 1.91525e+06 0 0.726972 3
2513.57 -0.476095 -0.672098 0.441952 -0.422672 0.574148 0.385512 0.585733 -0.0015 0.192316 -0.817302 0.418925 0.0015 29980 0.494252 0.754406 8 77 403 268.426 23858.8 39854 2.1737e+06 0 0.006 1
2578.56 -0.805659 -0.406817 0.177665 -0.71776 0.365144 -0.0513285 0.590641 -0.193816 0.0015 -0.83877 0.402668 0.193816 63487 0.79673 0.921443 31 1271 1839 279.886 24286.7 40115 2.18767e+06 0 0.775266 3
2650.29 -0.812831 -0.416423 0.178803 -0.621477 0.353336 -0.105455 0.691231 -0.0015 0.217893 -0.901758 0.414639 0.0015 40679 0.599609 0.895576 20 467 1631 297.642 26573.4 44149 2.28648e+06 0 0.006 1
2712.74 -0.869214 0.280303 0.178803 -0.438954 0.564268 -0.36195 0.598258 -0.219393 0.0015 -0.926765 0.391871 0.219393 5173 0.347104 0.874305 45 897 528 287.615 27337.3 45116 2.29734e+06 0.219393 0 4
2780.75 -0.85735 0.282023 0.177665 -0.523389 0.612024 -0.27345 0.526038 -0.0015 0.204015 -1.10368 0.483873 0.0015 7480 0.416173 0.878769 51 538 1177 418.78 28179.2 46056 2.37936e+06 0 0.006 1
2842.12 -0.811895 -0.138595 0.441952 -0.170782 0.692193 0.132017 0.688676 -0.205515 0.0015 -1.1361 0.451928 0.205515 32909 0.515235 0.685229 17 309 510 308.971 29284.4 47598 2.40667e+06 0 0.822059 3
2907.58 -0.823674 -0.141092 0.442019 -0.0660472 0.704188 0.0269939 0.706419 -0.0015 0.122484 -1.10183 0.444219 0.0015 26474 0.460211 0.682216 14 102 335 301.772 29849.4 48385 2.4983e+06 0 0.006 1
2964.54 -0.796541 -0.392165 0.102341 0.498959 0.489039 0.560116 0.445141 -0.123984 0.0015 -1.13622 0.405561 0.123984 30040 0.539175 0.791687 28 696 1499 302.682 31673.4 51247 2.54481e+06 0 0.495936 3
3027.07 -0.784615 -0.391029 0.103551 0.426945 0.399744 0.626919 0.514679 -0.0015 0.656679 -1.24063 0.408086 0.0015 6322 0.382799 0.483164 1 34 263 130.448 32386.1 52143 2.62694e+06 0 0.006 1
3079.33 0.831305 -0.278308 0.103551 -0.205931 0.547421 0.715413 -0.382238 -0.658179 0.0015 -1.28193 0.345251 0.658179 6874 0.364933 0.643628 97 3458 590 134.959 32693.2 52499 2.61836e+06 0.658179 0 4
3147.63 0.840543 -0.285937 0.102341 -0.26087 0.648125 0.625604 -0.347131 -0.0015 0.180243 -0.64526 0.330802 0.0015 28623 0.462405 0.850319 122 3459 3219 419.634 35220.6 57030 2.6339e+06 0 0.006 1
3200.02 0.682193 -0.482658 0.442019 0.67586 -0.208461 -0.662977 -0.245396 -0.181743 0.0015 -0.668251 0.313063 0.181743 5349 0.39397 0.75308 16 402 286 317.341 35719.6 57640 2.60785e+06 0 0.726972 3
3255.33 0.672098 -0.476095 0.441952 0.704858 -0.107109 -0.686774 -0.141577 -0.0015 0.192316 -0.596838 0.295516 0.0015 2005 0.332723 0.706027 28 292 130 212.212 36612.8 58900 2.59625e+06 0 0.006 1
3307.47 0.406817 -0.805659 0.177665 0.765728 0.249337 -0.381351 -0.453941 -0.193816 0.0015 -0.619736 0.276645 0.193816 19630 0.493567 0.791607 119 953 1906 226.574 36969.6 59209 2.56413e+06 0 0.775266 3
3362.33 0.416423 -0.812831 0.178803 -0.689297 -0.189604 0.414206 0.563342 -0.0015 0.217893 -0.679137 0.299233 0.0015 10168 0.369818 0.731466 25 249 1275 338.699 38466.1 61776 2.71231e+06 0 0.006 1
3414.57 0.869214 -0.280303 0.178803 -0.564268 -0.438954 0.598258 0.36195 -0.219393 0.0015 -0.707372 0.270815 0.219393 4019 0.333427 0.782043 59 701 772 283.784 38560.5 61506 2.73192e+06 0.219393 0 4
3468.98 0.85735 -0.282023 0.177665 0.612024 0.523389 -0.526038 -0.27345 -0.0015 0.204015 -0.509195 0.256371 0.0015 13818 0.424887 0.856882 152 1064 1968 378.944 39967.4 63666 2.78393e+06 0 0.006 1
3516.37 0.811895 0.138595 0.441952 0.692193 0.170782 -0.688676 0.132017 -0.205515 0.0015 -0.532272 0.237624 0.205515 1609 0.336618 0.702403 22 380 395 233.567 41553.5 66167 2.82924e+06 0 0.822059 3
3564.21 0.823674 0.141092 0.442019 -0.704188 -0.0660472 0.706419 -0.0269939 -0.0015 0.122484 -0.479496 0.244148 0.0015 5782 0.371065 0.657176 31 955 432 381.362 42048 66726 2.79317e+06 0 0.006 1
3607.58 0.796541 0.392165 0.102341 0.489039 -0.498959 -0.445141 0.560116 -0.123984 0.0015 -0.503396 0.22493 0.123984 37273 0.474337 0.721932 172 4930 1106 526.564 42802.7 67480 2.73206e+06 0 0.495936 3