cost_weight: 0
information_weight: 1
IgnorantTotalIG weight: 0
OccupancyAwareTotalIG weight: 0
ClassicFrontier weight: 1
TotalUnknownIG weight: 0
UnknownObjectSideFrontier weight: 0
UnknownObjectVolumeIG weight: 0
TotalOccupancyCertainty weight: 0
TotalNrOfOccupieds weight: 0
TotalNrOfFree weight: 0
TotalEntropy weight: 0
TotalNrOfNodes weight: 0
time pos_x pos_y pos_z rot_x rot_y rot_z rot_w return_value winning_margin return_value_mean return_value_stddev cost IgnorantTotalIG OccupancyAwareTotalIG ClassicFrontier TotalUnknownIG UnknownObjectSideFrontier UnknownObjectVolumeIG TotalOccupancyCertainty TotalNrOfOccupieds TotalNrOfFree TotalEntropy TotalNrOfNodes base_distance_cost arm_distance_cost energy_cost
1.43283e+09 0.176704 -0.251893 0.201752 0.454468 0.530525 0.491038 0.520465 0 0 0 0 0.0637289 23640.9 154.499 0 0 5 154.499 3865.9 6893 35333 26189 55361 0 0.254916 3
1.43283e+09 0.164597 0.00959183 0.44202 -0.0444082 0.705883 0.00530474 0.706915 0 0 0 0 0.061914 40933.6 284.604 0 0 9 284.604 5462.09 9612 85918 56095.5 119809 0 0.247656 3
1.43283e+09 0.990408 -0.835403 0.44202 0.530536 -0.467733 -0.503615 -0.496113 1 1 0.0714286 0.257539 1.853 13691.6 68.1798 1 0.625503 39 58.1718 6006.82 10089 145733 82494.4 188866 1.853 0 4
1.43283e+09 0.595958 -0.760273 0.201752 0.216851 0.664059 0.652833 0.292935 0 0 0 0 1.04849 35626.1 200.786 0 6.88053 7 153.248 9792.77 16462 234507 139987 309165 0.98476 0.254916 7
1.43283e+09 0.402498 -0.583937 0.44202 -0.311158 0.635157 0.275426 0.651074 0 0 0 0 0.061914 42918.9 253.954 0 26.8966 60 119.471 10751.8 17784 328330 190742 423576 0 0.247656 3
1.43283e+09 0.239727 0.404042 0.201752 0.622897 0.316224 0.254486 0.668759 1 1 0.0909091 0.28748 2.7943 34369.6 226.432 1 37.5302 57 106.961 11708.5 19540 394136 223942 503620 2.73057 0.254916 7
1.43283e+09 1.25189 -0.823296 0.201752 -0.0537803 0.696495 0.715241 0.0208085 0 0 0 0 2.94472 38662.1 183.898 0 21.8926 23 94.451 12356 20376 407627 230428 521344 2.94472 0 4
1.43283e+09 1.76027 -0.404042 0.201752 -0.316224 0.622897 0.668759 -0.254486 0.5 0 0.111111 0.20787 0.98476 23518.7 106.961 1 1.87651 30 61.2993 13608.8 22176 468164 257633 593040 0.98476 0 4
1.43283e+09 1.58394 -0.597502 0.44202 0.669145 -0.229102 -0.655134 -0.265624 0 0 0 0 0.061914 40940.1 177.017 0 3.75302 33 98.204 15165.9 24816 535698 298264 683974 0 0.247656 3
1.43283e+09 1.8233 0.251893 0.201752 0.530525 -0.454468 -0.520465 0.491038 0 0 0 0 0 27961.1 142.615 0 0 94 133.232 15165.9 24816 535698 298264 683974