cost_weight: 0
information_weight: 1
NrOfUnknownVoxels weight: 0
AverageUncertainty weight: 1
AverageEndPointUncertainty weight: 500
UnknownObjectSideFrontier weight: 5
UnknownObjectVolumeFrontier weight: 5
ClassicFrontier weight: 1
EndNodeOccupancySum weight: 1
TotalOccupancyCertainty weight: 0
TotalNrOfOccupieds weight: 0
time pos_x pos_y pos_z rot_x rot_y rot_z rot_w return_value winning_margin return_value_mean return_value_stddev cost NrOfUnknownVoxels AverageUncertainty AverageEndPointUncertainty UnknownObjectSideFrontier UnknownObjectVolumeFrontier ClassicFrontier EndNodeOccupancySum TotalOccupancyCertainty TotalNrOfOccupieds
2187.22 0.573894 0.677434 0.102341 0.58046 -0.388826 -0.321653 0.639077 6318.98 4643.65 1673.06 1825.02 2.85925 1951 0.983537 0.75 8 1179 3 5 8873.2 16132
2215.5 -0.884823 -0.0732138 0.102341 0.581361 0.387477 0.467339 0.541733 3957.03 2687.54 1518.79 1056.41 2.50594 1232 0.898138 0.942857 3 692 6 3.7 12557.5 22678
2239.3 -0.677434 0.573894 0.102341 0.685389 0.135505 0.224453 0.679339 1279.26 85.0248 1091.9 209.792 0.98476 176 0.522765 0.866667 2 165 7 3.4 13910.7 24872
2253.75 0.677434 -0.573894 0.102341 -0.135505 0.685389 0.679339 -0.224453 1384.74 743.794 1099.52 248.01 2.87757 1148 0.870587 0.933333 3 178 9 3.2 14604.5 26033
2284.86 -0.0732138 0.884823 0.102341 0.685072 -0.137096 -0.0526044 0.713522 1568.44 624.547 875.015 440.891 2.50594 1040 0.777799 0.833333 5 220 19 7 16503.4 29368
2308.92 0.884823 0.0732138 0.102341 -0.387477 0.581361 0.541733 -0.467339 943.895 421.697 644.531 212.857 1.853 694 0.694816 0.95 1 90 9 4.2 17899.6 31857
2325.16 -0.573894 -0.677434 0.102341 0.388826 0.58046 0.639077 0.321653 467.485 3.03363 465.968 1.51682 2.50594 490 0.610953 0.885057 0 0 21 3.34483 18757.9 33120
2347.09 0.0732138 -0.884823 0.102341 0.137096 0.685072 0.713522 0.0526044 508.478 0 508.478 0 0.98476 662 0.720843 0.885714 1 3 41 3.9 19542.8 34149