cost_weight: 0
information_weight: 1
NrOfUnknownVoxels weight: 0
AverageUncertainty weight: 1
AverageEndPointUncertainty weight: 500
UnknownObjectSideFrontier weight: 5
UnknownObjectVolumeFrontier weight: 5
ClassicFrontier weight: 1
EndNodeOccupancySum weight: 1
TotalOccupancyCertainty weight: 0
TotalNrOfOccupieds weight: 0
time pos_x pos_y pos_z rot_x rot_y rot_z rot_w return_value winning_margin return_value_mean return_value_stddev cost NrOfUnknownVoxels AverageUncertainty AverageEndPointUncertainty UnknownObjectSideFrontier UnknownObjectVolumeFrontier ClassicFrontier EndNodeOccupancySum TotalOccupancyCertainty TotalNrOfOccupieds
2459.33 1.40519 0.756936 0.242 -0.249256 -0.62064 -0.260822 0.696167 50836 50533.3 6392.33 16798.4 3.14764 27792 0.984334 0.679401 230 9764 349 176.3 8919.4 16970
2525.04 0.243064 0.405186 0.242 0.262608 -0.615109 0.307836 0.676694 75647.9 75345.2 10850.1 26453.8 1.853 59621 0.899346 0.988305 591 14170 500 847.8 13748.3 26165
2579.67 0.178256 -0.248724 0.242 0.478011 -0.467791 0.543363 0.50738 34709.8 0 5835.42 12913.5 0.98476 11471 0.949421 0.947188 236 6568 0 215.3 18348.7 34953
2635.89 1.24872 -0.821744 0.242 0.668783 0.00722647 0.742987 -0.0254435 65138 65138 13088.1 26025.2 2.73057 48903 0.903014 0.709238 1445 10283 3439 2703.5 25109.9 47045
2692.27 0.751276 0.821744 0.242 0.00722647 -0.668783 0.0254435 0.742987 6792.21 6489.52 1773.72 2900.06 2.87757 3300 0.988876 0.837037 22 1246 17 15.7 27269.6 51073
2746.97 1.82174 0.248724 0.242 -0.467791 -0.478011 -0.50738 0.543363 302.688 302.688 100.896 142.689 1773.72 294 0.988119 0.6 0 0 1 0.7 27269.6 51073