cost_weight: 0
information_weight: 1
IgnorantTotalIG weight: 1
OccupancyAwareTotalIG weight: 0
ClassicFrontier weight: 0
TotalUnknownIG weight: 0
UnknownObjectSideFrontier weight: 0
UnknownObjectVolumeIG weight: 0
TotalOccupancyCertainty weight: 0
TotalNrOfOccupieds weight: 0
TotalNrOfFree weight: 0
TotalEntropy weight: 0
TotalNrOfNodes weight: 0
time pos_x pos_y pos_z rot_x rot_y rot_z rot_w return_value winning_margin return_value_mean return_value_stddev cost IgnorantTotalIG OccupancyAwareTotalIG ClassicFrontier TotalUnknownIG UnknownObjectSideFrontier UnknownObjectVolumeIG TotalOccupancyCertainty TotalNrOfOccupieds TotalNrOfFree TotalEntropy TotalNrOfNodes base_distance_cost arm_distance_cost energy_cost
1.43282e+09 0.164597 0.00959243 0.44202 -0.0444079 0.705883 0.00530448 0.706915 0.202735 0.0675261 0.0625 0.0481824 0 31721.7 314.628 0 0 8 314.628 3274.7 6147 15325 13539.5 27226 0 0 0
1.43282e+09 0.164597 0.00959243 0.44202 -0.0444079 0.705883 0.00530448 0.706915 0.19267 0.0660882 0.0625 0.0453487 0 29580.6 320.883 0 0 17 320.883 3384.15 6010 19961 13552 32715 0 0 0
1.43282e+09 0.164597 0.00959243 0.44202 -0.0444079 0.705883 0.00530448 0.706915 0.187443 0.0615472 0.0625 0.0443792 0 28104.8 315.879 28 192.655 22 16.8886 3345.9 5608 33464 17611.7 47790 0 0 0
1.43282e+09 0.164597 0.00959243 0.44202 -0.0444079 0.705883 0.00530448 0.706915 0.187419 0.0617352 0.0625 0.0443792 0 28184.7 317.756 60 223.93 22 8.75704 3464.77 5606 21271 12542.2 33864 0 0 0
1.43282e+09 0.164597 0.00959243 0.44202 -0.0444079 0.705883 0.00530448 0.706915 0.187019 0.0603537 0.0625 0.0443595 0 28107.7 317.13 67 207.042 18 6.88053 3517.32 5518 21015 12307.7 33532 0 0 0
1.43282e+09 0.164597 0.00959243 0.44202 -0.0444079 0.705883 0.00530448 0.706915 0.177166 0.0552915 0.0625 0.0414686 0 28371.7 320.883 61 215.173 16 10.6336 3743.21 5731 30554 17916.8 46229 0 0 0
1.43282e+09 0.164597 0.00959243 0.44202 -0.0444079 0.705883 0.00530448 0.706915 0.177261 0.0556795 0.0625 0.0414064 0 28448.2 322.134 61 195.782 19 13.1356 3813.8 5715 31425 18213.1 47201 0 0 0