cost_weight: 0.1
information_weight: 1
IgnorantTotalIG weight: 0.01
OccupancyAwareTotalIG weight: 10
ClassicFrontier weight: 200
TotalUnknownIG weight: 200
UnknownObjectSideFrontier weight: 50
UnknownObjectVolumeIG weight: 50
TotalOccupancyCertainty weight: 0
TotalNrOfOccupieds weight: 0
TotalNrOfFree weight: 0
TotalEntropy weight: 0
TotalNrOfNodes weight: 0
time pos_x pos_y pos_z rot_x rot_y rot_z rot_w return_value winning_margin return_value_mean return_value_stddev cost IgnorantTotalIG OccupancyAwareTotalIG ClassicFrontier TotalUnknownIG UnknownObjectSideFrontier UnknownObjectVolumeIG TotalOccupancyCertainty TotalNrOfOccupieds TotalNrOfFree TotalEntropy TotalNrOfNodes base_distance_cost arm_distance_cost energy_cost
1.43291e+09 0.164592 0.00920896 0.44202 -0.0445699 0.705873 0.00546673 0.706914 0.336964 0.182041 0.05625 0.0856645 0.275244 31227.3 487.953 273 455.423 20 1.25116 3197.6 5742 42960 30088.4 65120 0.00558129 1.07865 7
1.43291e+09 0.17682 -0.252271 0.201752 0.454347 0.530629 0.491157 0.520353 0.252283 0 0.06 0.0728354 0.0637289 34158 457.925 79 424.144 21 11.2605 5445.35 9679 86640 54968 120274 0 0.254916 3
1.43291e+09 0.239541 0.403694 0.201752 0.622824 0.316366 0.254639 0.668701 0.249856 0.0693634 0.0642857 0.0662002 2.30112 37428.4 445.413 190 280.26 47 17.5163 6208.48 10937 133228 80683.3 182747 2.30112 0 4
1.43291e+09 0.402766 -0.584211 0.44202 -0.311303 0.635085 0.275575 0.651011 0.189381 0.0336488 0.0692308 0.0550196 2.79249 30518.6 329.055 201 142.632 131 30.0279 7676.7 13507 183526 107427 245754 2.73057 0.247656 7
1.43291e+09 0.596306 -0.760459 0.201752 0.216699 0.664108 0.6529 0.292786 0.193581 0 0.075 0.055968 0.0637289 27154.4 319.046 155 246.479 63 25.0232 10648.5 19141 212931 127815 286444 0 0.254916 3
1.43291e+09 0.747729 0.82318 0.201752 0.696483 0.0539399 -0.0206446 0.715245 0.174544 0.0178277 0.0818182 0.0546645 2.94472 31395.5 296.525 145 175.163 99 46.293 11381.6 20332 239523 141961 318772 2.94472 0 4
1.43291e+09 0.415789 0.597234 0.44202 0.228949 0.669198 -0.265474 0.655195 0.204473 0.0330183 0.09 0.0583187 1.04667 23575.3 247.73 173 157.646 63 11.2605 11585.8 20566 269125 159292 356344 0.98476 0.247656 7
1.43291e+09 0.990791 -0.835408 0.44202 0.530643 -0.467612 -0.503729 -0.495998 0.226932 0.0327706 0.1 0.0634937 0.204473 38600.1 302.781 48 241.474 48 22.5209 11585.8 20566 269125 159292 356344