cost_weight: 0
information_weight: 1
IgnorantTotalIG weight: 1
OccupancyAwareTotalIG weight: 0
ClassicFrontier weight: 0
TotalUnknownIG weight: 0
UnknownObjectSideFrontier weight: 0
UnknownObjectVolumeIG weight: 0
TotalOccupancyCertainty weight: 0
TotalNrOfOccupieds weight: 0
TotalNrOfFree weight: 0
TotalEntropy weight: 0
TotalNrOfNodes weight: 0
time pos_x pos_y pos_z rot_x rot_y rot_z rot_w return_value winning_margin return_value_mean return_value_stddev cost IgnorantTotalIG OccupancyAwareTotalIG ClassicFrontier TotalUnknownIG UnknownObjectSideFrontier UnknownObjectVolumeIG TotalOccupancyCertainty TotalNrOfOccupieds TotalNrOfFree TotalEntropy TotalNrOfNodes base_distance_cost arm_distance_cost energy_cost
1.43282e+09 0.164597 0.00959243 0.44202 -0.0444079 0.705883 0.00530448 0.706915 0.196406 0.0659106 0.0625 0.0468082 0 26955.4 264.588 0 0 23 264.588 2644.4 4934 24435 18273.5 37868 0 0 0
1.43282e+09 0.164597 0.00959243 0.44202 -0.0444079 0.705883 0.00530448 0.706915 0.191175 0.064642 0.0625 0.0448438 0 29741.7 317.13 0 0 19 317.13 3288.58 5858 39328 24092.2 55268 0 0 0
1.43282e+09 0.176704 -0.251893 0.201752 0.454468 0.530525 0.491037 0.520465 0.123781 0 0.0625 0.0435221 0.0637289 18848 170.762 7 91.3234 2 10.6336 3376.01 5739 43789 22817.5 60315 0 0.254916 3
1.43282e+09 0.176704 -0.251893 0.201752 0.454468 0.530525 0.491037 0.520465 0.107287 0 0.0625 0.0311783 0 23733.4 214.548 2 92.5744 11 47.5382 4512.1 7648 61847 36047.1 86636 0 0 0
1.43282e+09 0.402498 -0.583937 0.44202 -0.311157 0.635157 0.275425 0.651074 0.104783 0.0144008 0.0625 0.0250153 1.04667 29610.6 185.149 2 16.8886 57 120.097 5646.79 9408 88152 49571.2 120138 0.98476 0.247656 7
1.43282e+09 0.402498 -0.583937 0.44202 -0.311157 0.635157 0.275425 0.651074 0.106226 0.0187806 0.0625 0.0246015 0 30878.1 190.153 1 39.4067 42 92.5744 6333.16 10570 99494 56497.8 135374 0 0 0