864
  0.40000000   0.00000000   0.10000000  -0.70710678   0.00000000   0.70710678   0.00000000
  0.40000000   0.00000000   0.10000000  -0.55557023   0.00000000   0.83146961   0.00000000
  0.40000000   0.00000000   0.10000000  -0.83146961   0.00000000   0.55557023   0.00000000
  0.36955181   0.15307337   0.10000000  -0.69351992  -0.13794969   0.69351992  -0.13794969
  0.36955181   0.15307337   0.10000000  -0.54489511  -0.10838638   0.81549316  -0.16221167
  0.36955181   0.15307337   0.10000000  -0.81549316  -0.16221167   0.54489511  -0.10838638
  0.28284271   0.28284271   0.10000000  -0.65328148  -0.27059805   0.65328148  -0.27059805
  0.28284271   0.28284271   0.10000000  -0.51327997  -0.21260752   0.76817776  -0.31818965
  0.28284271   0.28284271   0.10000000  -0.76817776  -0.31818965   0.51327997  -0.21260752
  0.15307337   0.36955181   0.10000000  -0.58793780  -0.39284748   0.58793780  -0.39284748
  0.15307337   0.36955181   0.10000000  -0.46193977  -0.30865828   0.69134172  -0.46193977
  0.15307337   0.36955181   0.10000000  -0.69134172  -0.46193977   0.46193977  -0.30865828
  0.00000000   0.40000000   0.10000000  -0.50000000  -0.50000000   0.50000000  -0.50000000
  0.00000000   0.40000000   0.10000000  -0.39284748  -0.39284748   0.58793780  -0.58793780
  0.00000000   0.40000000   0.10000000  -0.58793780  -0.58793780   0.39284748  -0.39284748
 -0.15307337   0.36955181   0.10000000  -0.39284748  -0.58793780   0.39284748  -0.58793780
 -0.15307337   0.36955181   0.10000000  -0.30865828  -0.46193977   0.46193977  -0.69134172
 -0.15307337   0.36955181   0.10000000  -0.46193977  -0.69134172   0.30865828  -0.46193977
 -0.28284271   0.28284271   0.10000000  -0.27059805  -0.65328148   0.27059805  -0.65328148
 -0.28284271   0.28284271   0.10000000  -0.21260752  -0.51327997   0.31818965  -0.76817776
 -0.28284271   0.28284271   0.10000000  -0.31818965  -0.76817776   0.21260752  -0.51327997
 -0.36955181   0.15307337   0.10000000  -0.13794969  -0.69351992   0.13794969  -0.69351992
 -0.36955181   0.15307337   0.10000000  -0.10838638  -0.54489511   0.16221167  -0.81549316
 -0.36955181   0.15307337   0.10000000  -0.16221167  -0.81549316   0.10838638  -0.54489511
 -0.40000000   0.00000000   0.10000000  -0.00000000  -0.70710678   0.00000000  -0.70710678
 -0.40000000   0.00000000   0.10000000  -0.00000000  -0.55557023   0.00000000  -0.83146961
 -0.40000000   0.00000000   0.10000000  -0.00000000  -0.83146961   0.00000000  -0.55557023
 -0.36955181  -0.15307337   0.10000000   0.13794969  -0.69351992  -0.13794969  -0.69351992
 -0.36955181  -0.15307337   0.10000000   0.10838638  -0.54489511  -0.16221167  -0.81549316
 -0.36955181  -0.15307337   0.10000000   0.16221167  -0.81549316  -0.10838638  -0.54489511
 -0.28284271  -0.28284271   0.10000000   0.27059805  -0.65328148  -0.27059805  -0.65328148
 -0.28284271  -0.28284271   0.10000000   0.21260752  -0.51327997  -0.31818965  -0.76817776
 -0.28284271  -0.28284271   0.10000000   0.31818965  -0.76817776  -0.21260752  -0.51327997
 -0.15307337  -0.36955181   0.10000000   0.39284748  -0.58793780  -0.39284748  -0.58793780
 -0.15307337  -0.36955181   0.10000000   0.30865828  -0.46193977  -0.46193977  -0.69134172
 -0.15307337  -0.36955181   0.10000000   0.46193977  -0.69134172  -0.30865828  -0.46193977
 -0.00000000  -0.40000000   0.10000000   0.50000000  -0.50000000  -0.50000000  -0.50000000
 -0.00000000  -0.40000000   0.10000000   0.39284748  -0.39284748  -0.58793780  -0.58793780
 -0.00000000  -0.40000000   0.10000000   0.58793780  -0.58793780  -0.39284748  -0.39284748
  0.15307337  -0.36955181   0.10000000   0.58793780  -0.39284748  -0.58793780  -0.39284748
  0.15307337  -0.36955181   0.10000000   0.46193977  -0.30865828  -0.69134172  -0.46193977
  0.15307337  -0.36955181   0.10000000   0.69134172  -0.46193977  -0.46193977  -0.30865828
  0.28284271  -0.28284271   0.10000000   0.65328148  -0.27059805  -0.65328148  -0.27059805
  0.28284271  -0.28284271   0.10000000   0.51327997  -0.21260752  -0.76817776  -0.31818965
  0.28284271  -0.28284271   0.10000000   0.76817776  -0.31818965  -0.51327997  -0.21260752
  0.36955181  -0.15307337   0.10000000   0.69351992  -0.13794969  -0.69351992  -0.13794969
  0.36955181  -0.15307337   0.10000000   0.54489511  -0.10838638  -0.81549316  -0.16221167
  0.36955181  -0.15307337   0.10000000   0.81549316  -0.16221167  -0.54489511  -0.10838638
  0.40000000   0.00000000   0.20000000  -0.70710678   0.00000000   0.70710678   0.00000000
  0.40000000   0.00000000   0.20000000  -0.55557023   0.00000000   0.83146961   0.00000000
  0.40000000   0.00000000   0.20000000  -0.83146961   0.00000000   0.55557023   0.00000000
  0.36955181   0.15307337   0.20000000  -0.69351992  -0.13794969   0.69351992  -0.13794969
  0.36955181   0.15307337   0.20000000  -0.54489511  -0.10838638   0.81549316  -0.16221167
  0.36955181   0.15307337   0.20000000  -0.81549316  -0.16221167   0.54489511  -0.10838638
  0.28284271   0.28284271   0.20000000  -0.65328148  -0.27059805   0.65328148  -0.27059805
  0.28284271   0.28284271   0.20000000  -0.51327997  -0.21260752   0.76817776  -0.31818965
  0.28284271   0.28284271   0.20000000  -0.76817776  -0.31818965   0.51327997  -0.21260752
  0.15307337   0.36955181   0.20000000  -0.58793780  -0.39284748   0.58793780  -0.39284748
  0.15307337   0.36955181   0.20000000  -0.46193977  -0.30865828   0.69134172  -0.46193977
  0.15307337   0.36955181   0.20000000  -0.69134172  -0.46193977   0.46193977  -0.30865828
  0.00000000   0.40000000   0.20000000  -0.50000000  -0.50000000   0.50000000  -0.50000000
  0.00000000   0.40000000   0.20000000  -0.39284748  -0.39284748   0.58793780  -0.58793780
  0.00000000   0.40000000   0.20000000  -0.58793780  -0.58793780   0.39284748  -0.39284748
 -0.15307337   0.36955181   0.20000000  -0.39284748  -0.58793780   0.39284748  -0.58793780
 -0.15307337   0.36955181   0.20000000  -0.30865828  -0.46193977   0.46193977  -0.69134172
 -0.15307337   0.36955181   0.20000000  -0.46193977  -0.69134172   0.30865828  -0.46193977
 -0.28284271   0.28284271   0.20000000  -0.27059805  -0.65328148   0.27059805  -0.65328148
 -0.28284271   0.28284271   0.20000000  -0.21260752  -0.51327997   0.31818965  -0.76817776
 -0.28284271   0.28284271   0.20000000  -0.31818965  -0.76817776   0.21260752  -0.51327997
 -0.36955181   0.15307337   0.20000000  -0.13794969  -0.69351992   0.13794969  -0.69351992
 -0.36955181   0.15307337   0.20000000  -0.10838638  -0.54489511   0.16221167  -0.81549316
 -0.36955181   0.15307337   0.20000000  -0.16221167  -0.81549316   0.10838638  -0.54489511
 -0.40000000   0.00000000   0.20000000  -0.00000000  -0.70710678   0.00000000  -0.70710678
 -0.40000000   0.00000000   0.20000000  -0.00000000  -0.55557023   0.00000000  -0.83146961
 -0.40000000   0.00000000   0.20000000  -0.00000000  -0.83146961   0.00000000  -0.55557023
 -0.36955181  -0.15307337   0.20000000   0.13794969  -0.69351992  -0.13794969  -0.69351992
 -0.36955181  -0.15307337   0.20000000   0.10838638  -0.54489511  -0.16221167  -0.81549316
 -0.36955181  -0.15307337   0.20000000   0.16221167  -0.81549316  -0.10838638  -0.54489511
 -0.28284271  -0.28284271   0.20000000   0.27059805  -0.65328148  -0.27059805  -0.65328148
 -0.28284271  -0.28284271   0.20000000   0.21260752  -0.51327997  -0.31818965  -0.76817776
 -0.28284271  -0.28284271   0.20000000   0.31818965  -0.76817776  -0.21260752  -0.51327997
 -0.15307337  -0.36955181   0.20000000   0.39284748  -0.58793780  -0.39284748  -0.58793780
 -0.15307337  -0.36955181   0.20000000   0.30865828  -0.46193977  -0.46193977  -0.69134172
 -0.15307337  -0.36955181   0.20000000   0.46193977  -0.69134172  -0.30865828  -0.46193977
 -0.00000000  -0.40000000   0.20000000   0.50000000  -0.50000000  -0.50000000  -0.50000000
 -0.00000000  -0.40000000   0.20000000   0.39284748  -0.39284748  -0.58793780  -0.58793780
 -0.00000000  -0.40000000   0.20000000   0.58793780  -0.58793780  -0.39284748  -0.39284748
  0.15307337  -0.36955181   0.20000000   0.58793780  -0.39284748  -0.58793780  -0.39284748
  0.15307337  -0.36955181   0.20000000   0.46193977  -0.30865828  -0.69134172  -0.46193977
  0.15307337  -0.36955181   0.20000000   0.69134172  -0.46193977  -0.46193977  -0.30865828
  0.28284271  -0.28284271   0.20000000   0.65328148  -0.27059805  -0.65328148  -0.27059805
  0.28284271  -0.28284271   0.20000000   0.51327997  -0.21260752  -0.76817776  -0.31818965
  0.28284271  -0.28284271   0.20000000   0.76817776  -0.31818965  -0.51327997  -0.21260752
  0.36955181  -0.15307337   0.20000000   0.69351992  -0.13794969  -0.69351992  -0.13794969
  0.36955181  -0.15307337   0.20000000   0.54489511  -0.10838638  -0.81549316  -0.16221167
  0.36955181  -0.15307337   0.20000000   0.81549316  -0.16221167  -0.54489511  -0.10838638
  0.40000000   0.00000000   0.30000000  -0.70710678   0.00000000   0.70710678   0.00000000
  0.40000000   0.00000000   0.30000000  -0.55557023   0.00000000   0.83146961   0.00000000
  0.40000000   0.00000000   0.30000000  -0.83146961   0.00000000   0.55557023   0.00000000
  0.36955181   0.15307337   0.30000000  -0.69351992  -0.13794969   0.69351992  -0.13794969
  0.36955181   0.15307337   0.30000000  -0.54489511  -0.10838638   0.81549316  -0.16221167
  0.36955181   0.15307337   0.30000000  -0.81549316  -0.16221167   0.54489511  -0.10838638
  0.28284271   0.28284271   0.30000000  -0.65328148  -0.27059805   0.65328148  -0.27059805
  0.28284271   0.28284271   0.30000000  -0.51327997  -0.21260752   0.76817776  -0.31818965
  0.28284271   0.28284271   0.30000000  -0.76817776  -0.31818965   0.51327997  -0.21260752
  0.15307337   0.36955181   0.30000000  -0.58793780  -0.39284748   0.58793780  -0.39284748
  0.15307337   0.36955181   0.30000000  -0.46193977  -0.30865828   0.69134172  -0.46193977
  0.15307337   0.36955181   0.30000000  -0.69134172  -0.46193977   0.46193977  -0.30865828
  0.00000000   0.40000000   0.30000000  -0.50000000  -0.50000000   0.50000000  -0.50000000
  0.00000000   0.40000000   0.30000000  -0.39284748  -0.39284748   0.58793780  -0.58793780
  0.00000000   0.40000000   0.30000000  -0.58793780  -0.58793780   0.39284748  -0.39284748
 -0.15307337   0.36955181   0.30000000  -0.39284748  -0.58793780   0.39284748  -0.58793780
 -0.15307337   0.36955181   0.30000000  -0.30865828  -0.46193977   0.46193977  -0.69134172
 -0.15307337   0.36955181   0.30000000  -0.46193977  -0.69134172   0.30865828  -0.46193977
 -0.28284271   0.28284271   0.30000000  -0.27059805  -0.65328148   0.27059805  -0.65328148
 -0.28284271   0.28284271   0.30000000  -0.21260752  -0.51327997   0.31818965  -0.76817776
 -0.28284271   0.28284271   0.30000000  -0.31818965  -0.76817776   0.21260752  -0.51327997
 -0.36955181   0.15307337   0.30000000  -0.13794969  -0.69351992   0.13794969  -0.69351992
 -0.36955181   0.15307337   0.30000000  -0.10838638  -0.54489511   0.16221167  -0.81549316
 -0.36955181   0.15307337   0.30000000  -0.16221167  -0.81549316   0.10838638  -0.54489511
 -0.40000000   0.00000000   0.30000000  -0.00000000  -0.70710678   0.00000000  -0.70710678
 -0.40000000   0.00000000   0.30000000  -0.00000000  -0.55557023   0.00000000  -0.83146961
 -0.40000000   0.00000000   0.30000000  -0.00000000  -0.83146961   0.00000000  -0.55557023
 -0.36955181  -0.15307337   0.30000000   0.13794969  -0.69351992  -0.13794969  -0.69351992
 -0.36955181  -0.15307337   0.30000000   0.10838638  -0.54489511  -0.16221167  -0.81549316
 -0.36955181  -0.15307337   0.30000000   0.16221167  -0.81549316  -0.10838638  -0.54489511
 -0.28284271  -0.28284271   0.30000000   0.27059805  -0.65328148  -0.27059805  -0.65328148
 -0.28284271  -0.28284271   0.30000000   0.21260752  -0.51327997  -0.31818965  -0.76817776
 -0.28284271  -0.28284271   0.30000000   0.31818965  -0.76817776  -0.21260752  -0.51327997
 -0.15307337  -0.36955181   0.30000000   0.39284748  -0.58793780  -0.39284748  -0.58793780
 -0.15307337  -0.36955181   0.30000000   0.30865828  -0.46193977  -0.46193977  -0.69134172
 -0.15307337  -0.36955181   0.30000000   0.46193977  -0.69134172  -0.30865828  -0.46193977
 -0.00000000  -0.40000000   0.30000000   0.50000000  -0.50000000  -0.50000000  -0.50000000
 -0.00000000  -0.40000000   0.30000000   0.39284748  -0.39284748  -0.58793780  -0.58793780
 -0.00000000  -0.40000000   0.30000000   0.58793780  -0.58793780  -0.39284748  -0.39284748
  0.15307337  -0.36955181   0.30000000   0.58793780  -0.39284748  -0.58793780  -0.39284748
  0.15307337  -0.36955181   0.30000000   0.46193977  -0.30865828  -0.69134172  -0.46193977
  0.15307337  -0.36955181   0.30000000   0.69134172  -0.46193977  -0.46193977  -0.30865828
  0.28284271  -0.28284271   0.30000000   0.65328148  -0.27059805  -0.65328148  -0.27059805
  0.28284271  -0.28284271   0.30000000   0.51327997  -0.21260752  -0.76817776  -0.31818965
  0.28284271  -0.28284271   0.30000000   0.76817776  -0.31818965  -0.51327997  -0.21260752
  0.36955181  -0.15307337   0.30000000   0.69351992  -0.13794969  -0.69351992  -0.13794969
  0.36955181  -0.15307337   0.30000000   0.54489511  -0.10838638  -0.81549316  -0.16221167
  0.36955181  -0.15307337   0.30000000   0.81549316  -0.16221167  -0.54489511  -0.10838638
  0.40000000   0.00000000   0.40000000  -0.70710678   0.00000000   0.70710678   0.00000000
  0.40000000   0.00000000   0.40000000  -0.55557023   0.00000000   0.83146961   0.00000000
  0.40000000   0.00000000   0.40000000  -0.83146961   0.00000000   0.55557023   0.00000000
  0.34641016   0.00000000   0.60000000  -0.86602540   0.00000000   0.50000000   0.00000000
  0.34641016   0.00000000   0.60000000  -0.75183981   0.00000000   0.65934582   0.00000000
  0.34641016   0.00000000   0.60000000  -0.94693013   0.00000000   0.32143947   0.00000000
  0.20000000   0.00000000   0.74641016  -0.96592583   0.00000000   0.25881905   0.00000000
  0.20000000   0.00000000   0.74641016  -0.89687274   0.00000000   0.44228869   0.00000000
  0.20000000   0.00000000   0.74641016  -0.99785892   0.00000000   0.06540313   0.00000000
  0.36955181   0.15307337   0.40000000  -0.69351992  -0.13794969   0.69351992  -0.13794969
  0.36955181   0.15307337   0.40000000  -0.54489511  -0.10838638   0.81549316  -0.16221167
  0.36955181   0.15307337   0.40000000  -0.81549316  -0.16221167   0.54489511  -0.10838638
  0.32004126   0.13256543   0.60000000  -0.84938497  -0.16895317   0.49039264  -0.09754516
  0.32004126   0.13256543   0.60000000  -0.73739342  -0.14667667   0.64667667  -0.12863199
  0.32004126   0.13256543   0.60000000  -0.92873513  -0.18473690   0.31526310  -0.06270973
  0.18477591   0.07653669   0.74641016  -0.94736583  -0.18844278   0.25384591  -0.05049309
  0.18477591   0.07653669   0.74641016  -0.87963958  -0.17497119   0.43379024  -0.08628624
  0.18477591   0.07653669   0.74641016  -0.97868534  -0.19467262   0.06414643  -0.01275952
  0.28284271   0.28284271   0.40000000  -0.65328148  -0.27059805   0.65328148  -0.27059805
  0.28284271   0.28284271   0.40000000  -0.51327997  -0.21260752   0.76817776  -0.31818965
  0.28284271   0.28284271   0.40000000  -0.76817776  -0.31818965   0.51327997  -0.21260752
  0.24494897   0.24494897   0.60000000  -0.80010315  -0.33141357   0.46193977  -0.19134172
  0.24494897   0.24494897   0.60000000  -0.69460941  -0.28771664   0.60915610  -0.25232072
  0.24494897   0.24494897   0.60000000  -0.87484937  -0.36237447   0.29697134  -0.12300956
  0.14142136   0.14142136   0.74641016  -0.89239910  -0.36964381   0.23911762  -0.09904576
  0.14142136   0.14142136   0.74641016  -0.82860237  -0.34321834   0.40862147  -0.16925655
  0.14142136   0.14142136   0.74641016  -0.92190144  -0.38186408   0.06042461  -0.02502869
  0.15307337   0.36955181   0.40000000  -0.58793780  -0.39284748   0.58793780  -0.39284748
  0.15307337   0.36955181   0.40000000  -0.46193977  -0.30865828   0.69134172  -0.46193977
  0.15307337   0.36955181   0.40000000  -0.69134172  -0.46193977   0.46193977  -0.30865828
  0.13256543   0.32004126   0.60000000  -0.72007381  -0.48113794   0.41573481  -0.27778512
  0.13256543   0.32004126   0.60000000  -0.62513195  -0.41769982   0.54822601  -0.36631291
  0.13256543   0.32004126   0.60000000  -0.78734363  -0.52608619   0.26726715  -0.17858220
  0.07653669   0.18477591   0.74641016  -0.80313797  -0.53663964   0.21520017  -0.14379216
  0.07653669   0.18477591   0.74641016  -0.74572243  -0.49827580   0.36774961  -0.24572243
  0.07653669   0.18477591   0.74641016  -0.82968937  -0.55438071   0.05438071  -0.03633603
  0.00000000   0.40000000   0.40000000  -0.50000000  -0.50000000   0.50000000  -0.50000000
  0.00000000   0.40000000   0.40000000  -0.39284748  -0.39284748   0.58793780  -0.58793780
  0.00000000   0.40000000   0.40000000  -0.58793780  -0.58793780   0.39284748  -0.39284748
  0.00000000   0.34641016   0.60000000  -0.61237244  -0.61237244   0.35355339  -0.35355339
  0.00000000   0.34641016   0.60000000  -0.53163103  -0.53163103   0.46622790  -0.46622790
  0.00000000   0.34641016   0.60000000  -0.66958072  -0.66958072   0.22729203  -0.22729203
  0.00000000   0.20000000   0.74641016  -0.68301270  -0.68301270   0.18301270  -0.18301270
  0.00000000   0.20000000   0.74641016  -0.63418480  -0.63418480   0.31274533  -0.31274533
  0.00000000   0.20000000   0.74641016  -0.70559281  -0.70559281   0.04624700  -0.04624700
 -0.15307337   0.36955181   0.40000000  -0.39284748  -0.58793780   0.39284748  -0.58793780
 -0.15307337   0.36955181   0.40000000  -0.30865828  -0.46193977   0.46193977  -0.69134172
 -0.15307337   0.36955181   0.40000000  -0.46193977  -0.69134172   0.30865828  -0.46193977
 -0.13256543   0.32004126   0.60000000  -0.48113794  -0.72007381   0.27778512  -0.41573481
 -0.13256543   0.32004126   0.60000000  -0.41769982  -0.62513195   0.36631291  -0.54822601
 -0.13256543   0.32004126   0.60000000  -0.52608619  -0.78734363   0.17858220  -0.26726715
 -0.07653669   0.18477591   0.74641016  -0.53663964  -0.80313797   0.14379216  -0.21520017
 -0.07653669   0.18477591   0.74641016  -0.49827580  -0.74572243   0.24572243  -0.36774961
 -0.07653669   0.18477591   0.74641016  -0.55438071  -0.82968937   0.03633603  -0.05438071
 -0.28284271   0.28284271   0.40000000  -0.27059805  -0.65328148   0.27059805  -0.65328148
 -0.28284271   0.28284271   0.40000000  -0.21260752  -0.51327997   0.31818965  -0.76817776
 -0.28284271   0.28284271   0.40000000  -0.31818965  -0.76817776   0.21260752  -0.51327997
 -0.24494897   0.24494897   0.60000000  -0.33141357  -0.80010315   0.19134172  -0.46193977
 -0.24494897   0.24494897   0.60000000  -0.28771664  -0.69460941   0.25232072  -0.60915610
 -0.24494897   0.24494897   0.60000000  -0.36237447  -0.87484937   0.12300956  -0.29697134
 -0.14142136   0.14142136   0.74641016  -0.36964381  -0.89239910   0.09904576  -0.23911762
 -0.14142136   0.14142136   0.74641016  -0.34321834  -0.82860237   0.16925655  -0.40862147
 -0.14142136   0.14142136   0.74641016  -0.38186408  -0.92190144   0.02502869  -0.06042461
 -0.36955181   0.15307337   0.40000000  -0.13794969  -0.69351992   0.13794969  -0.69351992
 -0.36955181   0.15307337   0.40000000  -0.10838638  -0.54489511   0.16221167  -0.81549316
 -0.36955181   0.15307337   0.40000000  -0.16221167  -0.81549316   0.10838638  -0.54489511
 -0.32004126   0.13256543   0.60000000  -0.16895317  -0.84938497   0.09754516  -0.49039264
 -0.32004126   0.13256543   0.60000000  -0.14667667  -0.73739342   0.12863199  -0.64667667
 -0.32004126   0.13256543   0.60000000  -0.18473690  -0.92873513   0.06270973  -0.31526310
 -0.18477591   0.07653669   0.74641016  -0.18844278  -0.94736583   0.05049309  -0.25384591
 -0.18477591   0.07653669   0.74641016  -0.17497119  -0.87963958   0.08628624  -0.43379024
 -0.18477591   0.07653669   0.74641016  -0.19467262  -0.97868534   0.01275952  -0.06414643
 -0.40000000   0.00000000   0.40000000  -0.00000000  -0.70710678   0.00000000  -0.70710678
 -0.40000000   0.00000000   0.40000000  -0.00000000  -0.55557023   0.00000000  -0.83146961
 -0.40000000   0.00000000   0.40000000  -0.00000000  -0.83146961   0.00000000  -0.55557023
 -0.34641016   0.00000000   0.60000000  -0.00000000  -0.86602540   0.00000000  -0.50000000
 -0.34641016   0.00000000   0.60000000  -0.00000000  -0.75183981   0.00000000  -0.65934582
 -0.34641016   0.00000000   0.60000000  -0.00000000  -0.94693013   0.00000000  -0.32143947
 -0.20000000   0.00000000   0.74641016  -0.00000000  -0.96592583   0.00000000  -0.25881905
 -0.20000000   0.00000000   0.74641016  -0.00000000  -0.89687274   0.00000000  -0.44228869
 -0.20000000   0.00000000   0.74641016  -0.00000000  -0.99785892   0.00000000  -0.06540313
 -0.36955181  -0.15307337   0.40000000   0.13794969  -0.69351992  -0.13794969  -0.69351992
 -0.36955181  -0.15307337   0.40000000   0.10838638  -0.54489511  -0.16221167  -0.81549316
 -0.36955181  -0.15307337   0.40000000   0.16221167  -0.81549316  -0.10838638  -0.54489511
 -0.32004126  -0.13256543   0.60000000   0.16895317  -0.84938497  -0.09754516  -0.49039264
 -0.32004126  -0.13256543   0.60000000   0.14667667  -0.73739342  -0.12863199  -0.64667667
 -0.32004126  -0.13256543   0.60000000   0.18473690  -0.92873513  -0.06270973  -0.31526310
 -0.18477591  -0.07653669   0.74641016   0.18844278  -0.94736583  -0.05049309  -0.25384591
 -0.18477591  -0.07653669   0.74641016   0.17497119  -0.87963958  -0.08628624  -0.43379024
 -0.18477591  -0.07653669   0.74641016   0.19467262  -0.97868534  -0.01275952  -0.06414643
 -0.28284271  -0.28284271   0.40000000   0.27059805  -0.65328148  -0.27059805  -0.65328148
 -0.28284271  -0.28284271   0.40000000   0.21260752  -0.51327997  -0.31818965  -0.76817776
 -0.28284271  -0.28284271   0.40000000   0.31818965  -0.76817776  -0.21260752  -0.51327997
 -0.24494897  -0.24494897   0.60000000   0.33141357  -0.80010315  -0.19134172  -0.46193977
 -0.24494897  -0.24494897   0.60000000   0.28771664  -0.69460941  -0.25232072  -0.60915610
 -0.24494897  -0.24494897   0.60000000   0.36237447  -0.87484937  -0.12300956  -0.29697134
 -0.14142136  -0.14142136   0.74641016   0.36964381  -0.89239910  -0.09904576  -0.23911762
 -0.14142136  -0.14142136   0.74641016   0.34321834  -0.82860237  -0.16925655  -0.40862147
 -0.14142136  -0.14142136   0.74641016   0.38186408  -0.92190144  -0.02502869  -0.06042461
 -0.15307337  -0.36955181   0.40000000   0.39284748  -0.58793780  -0.39284748  -0.58793780
 -0.15307337  -0.36955181   0.40000000   0.30865828  -0.46193977  -0.46193977  -0.69134172
 -0.15307337  -0.36955181   0.40000000   0.46193977  -0.69134172  -0.30865828  -0.46193977
 -0.13256543  -0.32004126   0.60000000   0.48113794  -0.72007381  -0.27778512  -0.41573481
 -0.13256543  -0.32004126   0.60000000   0.41769982  -0.62513195  -0.36631291  -0.54822601
 -0.13256543  -0.32004126   0.60000000   0.52608619  -0.78734363  -0.17858220  -0.26726715
 -0.07653669  -0.18477591   0.74641016   0.53663964  -0.80313797  -0.14379216  -0.21520017
 -0.07653669  -0.18477591   0.74641016   0.49827580  -0.74572243  -0.24572243  -0.36774961
 -0.07653669  -0.18477591   0.74641016   0.55438071  -0.82968937  -0.03633603  -0.05438071
 -0.00000000  -0.40000000   0.40000000   0.50000000  -0.50000000  -0.50000000  -0.50000000
 -0.00000000  -0.40000000   0.40000000   0.39284748  -0.39284748  -0.58793780  -0.58793780
 -0.00000000  -0.40000000   0.40000000   0.58793780  -0.58793780  -0.39284748  -0.39284748
 -0.00000000  -0.34641016   0.60000000   0.61237244  -0.61237244  -0.35355339  -0.35355339
 -0.00000000  -0.34641016   0.60000000   0.53163103  -0.53163103  -0.46622790  -0.46622790
 -0.00000000  -0.34641016   0.60000000   0.66958072  -0.66958072  -0.22729203  -0.22729203
 -0.00000000  -0.20000000   0.74641016   0.68301270  -0.68301270  -0.18301270  -0.18301270
 -0.00000000  -0.20000000   0.74641016   0.63418480  -0.63418480  -0.31274533  -0.31274533
 -0.00000000  -0.20000000   0.74641016   0.70559281  -0.70559281  -0.04624700  -0.04624700
  0.15307337  -0.36955181   0.40000000   0.58793780  -0.39284748  -0.58793780  -0.39284748
  0.15307337  -0.36955181   0.40000000   0.46193977  -0.30865828  -0.69134172  -0.46193977
  0.15307337  -0.36955181   0.40000000   0.69134172  -0.46193977  -0.46193977  -0.30865828
  0.13256543  -0.32004126   0.60000000   0.72007381  -0.48113794  -0.41573481  -0.27778512
  0.13256543  -0.32004126   0.60000000   0.62513195  -0.41769982  -0.54822601  -0.36631291
  0.13256543  -0.32004126   0.60000000   0.78734363  -0.52608619  -0.26726715  -0.17858220
  0.07653669  -0.18477591   0.74641016   0.80313797  -0.53663964  -0.21520017  -0.14379216
  0.07653669  -0.18477591   0.74641016   0.74572243  -0.49827580  -0.36774961  -0.24572243
  0.07653669  -0.18477591   0.74641016   0.82968937  -0.55438071  -0.05438071  -0.03633603
  0.28284271  -0.28284271   0.40000000   0.65328148  -0.27059805  -0.65328148  -0.27059805
  0.28284271  -0.28284271   0.40000000   0.51327997  -0.21260752  -0.76817776  -0.31818965
  0.28284271  -0.28284271   0.40000000   0.76817776  -0.31818965  -0.51327997  -0.21260752
  0.24494897  -0.24494897   0.60000000   0.80010315  -0.33141357  -0.46193977  -0.19134172
  0.24494897  -0.24494897   0.60000000   0.69460941  -0.28771664  -0.60915610  -0.25232072
  0.24494897  -0.24494897   0.60000000   0.87484937  -0.36237447  -0.29697134  -0.12300956
  0.14142136  -0.14142136   0.74641016   0.89239910  -0.36964381  -0.23911762  -0.09904576
  0.14142136  -0.14142136   0.74641016   0.82860237  -0.34321834  -0.40862147  -0.16925655
  0.14142136  -0.14142136   0.74641016   0.92190144  -0.38186408  -0.06042461  -0.02502869
  0.36955181  -0.15307337   0.40000000   0.69351992  -0.13794969  -0.69351992  -0.13794969
  0.36955181  -0.15307337   0.40000000   0.54489511  -0.10838638  -0.81549316  -0.16221167
  0.36955181  -0.15307337   0.40000000   0.81549316  -0.16221167  -0.54489511  -0.10838638
  0.32004126  -0.13256543   0.60000000   0.84938497  -0.16895317  -0.49039264  -0.09754516
  0.32004126  -0.13256543   0.60000000   0.73739342  -0.14667667  -0.64667667  -0.12863199
  0.32004126  -0.13256543   0.60000000   0.92873513  -0.18473690  -0.31526310  -0.06270973
  0.18477591  -0.07653669   0.74641016   0.94736583  -0.18844278  -0.25384591  -0.05049309
  0.18477591  -0.07653669   0.74641016   0.87963958  -0.17497119  -0.43379024  -0.08628624
  0.18477591  -0.07653669   0.74641016   0.97868534  -0.19467262  -0.06414643  -0.01275952
  0.60000000   0.00000000   0.10000000  -0.70710678   0.00000000   0.70710678   0.00000000
  0.60000000   0.00000000   0.10000000  -0.55557023   0.00000000   0.83146961   0.00000000
  0.60000000   0.00000000   0.10000000  -0.83146961   0.00000000   0.55557023   0.00000000
  0.55432772   0.22961006   0.10000000  -0.69351992  -0.13794969   0.69351992  -0.13794969
  0.55432772   0.22961006   0.10000000  -0.54489511  -0.10838638   0.81549316  -0.16221167
  0.55432772   0.22961006   0.10000000  -0.81549316  -0.16221167   0.54489511  -0.10838638
  0.42426407   0.42426407   0.10000000  -0.65328148  -0.27059805   0.65328148  -0.27059805
  0.42426407   0.42426407   0.10000000  -0.51327997  -0.21260752   0.76817776  -0.31818965
  0.42426407   0.42426407   0.10000000  -0.76817776  -0.31818965   0.51327997  -0.21260752
  0.22961006   0.55432772   0.10000000  -0.58793780  -0.39284748   0.58793780  -0.39284748
  0.22961006   0.55432772   0.10000000  -0.46193977  -0.30865828   0.69134172  -0.46193977
  0.22961006   0.55432772   0.10000000  -0.69134172  -0.46193977   0.46193977  -0.30865828
  0.00000000   0.60000000   0.10000000  -0.50000000  -0.50000000   0.50000000  -0.50000000
  0.00000000   0.60000000   0.10000000  -0.39284748  -0.39284748   0.58793780  -0.58793780
  0.00000000   0.60000000   0.10000000  -0.58793780  -0.58793780   0.39284748  -0.39284748
 -0.22961006   0.55432772   0.10000000  -0.39284748  -0.58793780   0.39284748  -0.58793780
 -0.22961006   0.55432772   0.10000000  -0.30865828  -0.46193977   0.46193977  -0.69134172
 -0.22961006   0.55432772   0.10000000  -0.46193977  -0.69134172   0.30865828  -0.46193977
 -0.42426407   0.42426407   0.10000000  -0.27059805  -0.65328148   0.27059805  -0.65328148
 -0.42426407   0.42426407   0.10000000  -0.21260752  -0.51327997   0.31818965  -0.76817776
 -0.42426407   0.42426407   0.10000000  -0.31818965  -0.76817776   0.21260752  -0.51327997
 -0.55432772   0.22961006   0.10000000  -0.13794969  -0.69351992   0.13794969  -0.69351992
 -0.55432772   0.22961006   0.10000000  -0.10838638  -0.54489511   0.16221167  -0.81549316
 -0.55432772   0.22961006   0.10000000  -0.16221167  -0.81549316   0.10838638  -0.54489511
 -0.60000000   0.00000000   0.10000000  -0.00000000  -0.70710678   0.00000000  -0.70710678
 -0.60000000   0.00000000   0.10000000  -0.00000000  -0.55557023   0.00000000  -0.83146961
 -0.60000000   0.00000000   0.10000000  -0.00000000  -0.83146961   0.00000000  -0.55557023
 -0.55432772  -0.22961006   0.10000000   0.13794969  -0.69351992  -0.13794969  -0.69351992
 -0.55432772  -0.22961006   0.10000000   0.10838638  -0.54489511  -0.16221167  -0.81549316
 -0.55432772  -0.22961006   0.10000000   0.16221167  -0.81549316  -0.10838638  -0.54489511
 -0.42426407  -0.42426407   0.10000000   0.27059805  -0.65328148  -0.27059805  -0.65328148
 -0.42426407  -0.42426407   0.10000000   0.21260752  -0.51327997  -0.31818965  -0.76817776
 -0.42426407  -0.42426407   0.10000000   0.31818965  -0.76817776  -0.21260752  -0.51327997
 -0.22961006  -0.55432772   0.10000000   0.39284748  -0.58793780  -0.39284748  -0.58793780
 -0.22961006  -0.55432772   0.10000000   0.30865828  -0.46193977  -0.46193977  -0.69134172
 -0.22961006  -0.55432772   0.10000000   0.46193977  -0.69134172  -0.30865828  -0.46193977
 -0.00000000  -0.60000000   0.10000000   0.50000000  -0.50000000  -0.50000000  -0.50000000
 -0.00000000  -0.60000000   0.10000000   0.39284748  -0.39284748  -0.58793780  -0.58793780
 -0.00000000  -0.60000000   0.10000000   0.58793780  -0.58793780  -0.39284748  -0.39284748
  0.22961006  -0.55432772   0.10000000   0.58793780  -0.39284748  -0.58793780  -0.39284748
  0.22961006  -0.55432772   0.10000000   0.46193977  -0.30865828  -0.69134172  -0.46193977
  0.22961006  -0.55432772   0.10000000   0.69134172  -0.46193977  -0.46193977  -0.30865828
  0.42426407  -0.42426407   0.10000000   0.65328148  -0.27059805  -0.65328148  -0.27059805
  0.42426407  -0.42426407   0.10000000   0.51327997  -0.21260752  -0.76817776  -0.31818965
  0.42426407  -0.42426407   0.10000000   0.76817776  -0.31818965  -0.51327997  -0.21260752
  0.55432772  -0.22961006   0.10000000   0.69351992  -0.13794969  -0.69351992  -0.13794969
  0.55432772  -0.22961006   0.10000000   0.54489511  -0.10838638  -0.81549316  -0.16221167
  0.55432772  -0.22961006   0.10000000   0.81549316  -0.16221167  -0.54489511  -0.10838638
  0.60000000   0.00000000   0.20000000  -0.70710678   0.00000000   0.70710678   0.00000000
  0.60000000   0.00000000   0.20000000  -0.55557023   0.00000000   0.83146961   0.00000000
  0.60000000   0.00000000   0.20000000  -0.83146961   0.00000000   0.55557023   0.00000000
  0.55432772   0.22961006   0.20000000  -0.69351992  -0.13794969   0.69351992  -0.13794969
  0.55432772   0.22961006   0.20000000  -0.54489511  -0.10838638   0.81549316  -0.16221167
  0.55432772   0.22961006   0.20000000  -0.81549316  -0.16221167   0.54489511  -0.10838638
  0.42426407   0.42426407   0.20000000  -0.65328148  -0.27059805   0.65328148  -0.27059805
  0.42426407   0.42426407   0.20000000  -0.51327997  -0.21260752   0.76817776  -0.31818965
  0.42426407   0.42426407   0.20000000  -0.76817776  -0.31818965   0.51327997  -0.21260752
  0.22961006   0.55432772   0.20000000  -0.58793780  -0.39284748   0.58793780  -0.39284748
  0.22961006   0.55432772   0.20000000  -0.46193977  -0.30865828   0.69134172  -0.46193977
  0.22961006   0.55432772   0.20000000  -0.69134172  -0.46193977   0.46193977  -0.30865828
  0.00000000   0.60000000   0.20000000  -0.50000000  -0.50000000   0.50000000  -0.50000000
  0.00000000   0.60000000   0.20000000  -0.39284748  -0.39284748   0.58793780  -0.58793780
  0.00000000   0.60000000   0.20000000  -0.58793780  -0.58793780   0.39284748  -0.39284748
 -0.22961006   0.55432772   0.20000000  -0.39284748  -0.58793780   0.39284748  -0.58793780
 -0.22961006   0.55432772   0.20000000  -0.30865828  -0.46193977   0.46193977  -0.69134172
 -0.22961006   0.55432772   0.20000000  -0.46193977  -0.69134172   0.30865828  -0.46193977
 -0.42426407   0.42426407   0.20000000  -0.27059805  -0.65328148   0.27059805  -0.65328148
 -0.42426407   0.42426407   0.20000000  -0.21260752  -0.51327997   0.31818965  -0.76817776
 -0.42426407   0.42426407   0.20000000  -0.31818965  -0.76817776   0.21260752  -0.51327997
 -0.55432772   0.22961006   0.20000000  -0.13794969  -0.69351992   0.13794969  -0.69351992
 -0.55432772   0.22961006   0.20000000  -0.10838638  -0.54489511   0.16221167  -0.81549316
 -0.55432772   0.22961006   0.20000000  -0.16221167  -0.81549316   0.10838638  -0.54489511
 -0.60000000   0.00000000   0.20000000  -0.00000000  -0.70710678   0.00000000  -0.70710678
 -0.60000000   0.00000000   0.20000000  -0.00000000  -0.55557023   0.00000000  -0.83146961
 -0.60000000   0.00000000   0.20000000  -0.00000000  -0.83146961   0.00000000  -0.55557023
 -0.55432772  -0.22961006   0.20000000   0.13794969  -0.69351992  -0.13794969  -0.69351992
 -0.55432772  -0.22961006   0.20000000   0.10838638  -0.54489511  -0.16221167  -0.81549316
 -0.55432772  -0.22961006   0.20000000   0.16221167  -0.81549316  -0.10838638  -0.54489511
 -0.42426407  -0.42426407   0.20000000   0.27059805  -0.65328148  -0.27059805  -0.65328148
 -0.42426407  -0.42426407   0.20000000   0.21260752  -0.51327997  -0.31818965  -0.76817776
 -0.42426407  -0.42426407   0.20000000   0.31818965  -0.76817776  -0.21260752  -0.51327997
 -0.22961006  -0.55432772   0.20000000   0.39284748  -0.58793780  -0.39284748  -0.58793780
 -0.22961006  -0.55432772   0.20000000   0.30865828  -0.46193977  -0.46193977  -0.69134172
 -0.22961006  -0.55432772   0.20000000   0.46193977  -0.69134172  -0.30865828  -0.46193977
 -0.00000000  -0.60000000   0.20000000   0.50000000  -0.50000000  -0.50000000  -0.50000000
 -0.00000000  -0.60000000   0.20000000   0.39284748  -0.39284748  -0.58793780  -0.58793780
 -0.00000000  -0.60000000   0.20000000   0.58793780  -0.58793780  -0.39284748  -0.39284748
  0.22961006  -0.55432772   0.20000000   0.58793780  -0.39284748  -0.58793780  -0.39284748
  0.22961006  -0.55432772   0.20000000   0.46193977  -0.30865828  -0.69134172  -0.46193977
  0.22961006  -0.55432772   0.20000000   0.69134172  -0.46193977  -0.46193977  -0.30865828
  0.42426407  -0.42426407   0.20000000   0.65328148  -0.27059805  -0.65328148  -0.27059805
  0.42426407  -0.42426407   0.20000000   0.51327997  -0.21260752  -0.76817776  -0.31818965
  0.42426407  -0.42426407   0.20000000   0.76817776  -0.31818965  -0.51327997  -0.21260752
  0.55432772  -0.22961006   0.20000000   0.69351992  -0.13794969  -0.69351992  -0.13794969
  0.55432772  -0.22961006   0.20000000   0.54489511  -0.10838638  -0.81549316  -0.16221167
  0.55432772  -0.22961006   0.20000000   0.81549316  -0.16221167  -0.54489511  -0.10838638
  0.60000000   0.00000000   0.30000000  -0.70710678   0.00000000   0.70710678   0.00000000
  0.60000000   0.00000000   0.30000000  -0.55557023   0.00000000   0.83146961   0.00000000
  0.60000000   0.00000000   0.30000000  -0.83146961   0.00000000   0.55557023   0.00000000
  0.55432772   0.22961006   0.30000000  -0.69351992  -0.13794969   0.69351992  -0.13794969
  0.55432772   0.22961006   0.30000000  -0.54489511  -0.10838638   0.81549316  -0.16221167
  0.55432772   0.22961006   0.30000000  -0.81549316  -0.16221167   0.54489511  -0.10838638
  0.42426407   0.42426407   0.30000000  -0.65328148  -0.27059805   0.65328148  -0.27059805
  0.42426407   0.42426407   0.30000000  -0.51327997  -0.21260752   0.76817776  -0.31818965
  0.42426407   0.42426407   0.30000000  -0.76817776  -0.31818965   0.51327997  -0.21260752
  0.22961006   0.55432772   0.30000000  -0.58793780  -0.39284748   0.58793780  -0.39284748
  0.22961006   0.55432772   0.30000000  -0.46193977  -0.30865828   0.69134172  -0.46193977
  0.22961006   0.55432772   0.30000000  -0.69134172  -0.46193977   0.46193977  -0.30865828
  0.00000000   0.60000000   0.30000000  -0.50000000  -0.50000000   0.50000000  -0.50000000
  0.00000000   0.60000000   0.30000000  -0.39284748  -0.39284748   0.58793780  -0.58793780
  0.00000000   0.60000000   0.30000000  -0.58793780  -0.58793780   0.39284748  -0.39284748
 -0.22961006   0.55432772   0.30000000  -0.39284748  -0.58793780   0.39284748  -0.58793780
 -0.22961006   0.55432772   0.30000000  -0.30865828  -0.46193977   0.46193977  -0.69134172
 -0.22961006   0.55432772   0.30000000  -0.46193977  -0.69134172   0.30865828  -0.46193977
 -0.42426407   0.42426407   0.30000000  -0.27059805  -0.65328148   0.27059805  -0.65328148
 -0.42426407   0.42426407   0.30000000  -0.21260752  -0.51327997   0.31818965  -0.76817776
 -0.42426407   0.42426407   0.30000000  -0.31818965  -0.76817776   0.21260752  -0.51327997
 -0.55432772   0.22961006   0.30000000  -0.13794969  -0.69351992   0.13794969  -0.69351992
 -0.55432772   0.22961006   0.30000000  -0.10838638  -0.54489511   0.16221167  -0.81549316
 -0.55432772   0.22961006   0.30000000  -0.16221167  -0.81549316   0.10838638  -0.54489511
 -0.60000000   0.00000000   0.30000000  -0.00000000  -0.70710678   0.00000000  -0.70710678
 -0.60000000   0.00000000   0.30000000  -0.00000000  -0.55557023   0.00000000  -0.83146961
 -0.60000000   0.00000000   0.30000000  -0.00000000  -0.83146961   0.00000000  -0.55557023
 -0.55432772  -0.22961006   0.30000000   0.13794969  -0.69351992  -0.13794969  -0.69351992
 -0.55432772  -0.22961006   0.30000000   0.10838638  -0.54489511  -0.16221167  -0.81549316
 -0.55432772  -0.22961006   0.30000000   0.16221167  -0.81549316  -0.10838638  -0.54489511
 -0.42426407  -0.42426407   0.30000000   0.27059805  -0.65328148  -0.27059805  -0.65328148
 -0.42426407  -0.42426407   0.30000000   0.21260752  -0.51327997  -0.31818965  -0.76817776
 -0.42426407  -0.42426407   0.30000000   0.31818965  -0.76817776  -0.21260752  -0.51327997
 -0.22961006  -0.55432772   0.30000000   0.39284748  -0.58793780  -0.39284748  -0.58793780
 -0.22961006  -0.55432772   0.30000000   0.30865828  -0.46193977  -0.46193977  -0.69134172
 -0.22961006  -0.55432772   0.30000000   0.46193977  -0.69134172  -0.30865828  -0.46193977
 -0.00000000  -0.60000000   0.30000000   0.50000000  -0.50000000  -0.50000000  -0.50000000
 -0.00000000  -0.60000000   0.30000000   0.39284748  -0.39284748  -0.58793780  -0.58793780
 -0.00000000  -0.60000000   0.30000000   0.58793780  -0.58793780  -0.39284748  -0.39284748
  0.22961006  -0.55432772   0.30000000   0.58793780  -0.39284748  -0.58793780  -0.39284748
  0.22961006  -0.55432772   0.30000000   0.46193977  -0.30865828  -0.69134172  -0.46193977
  0.22961006  -0.55432772   0.30000000   0.69134172  -0.46193977  -0.46193977  -0.30865828
  0.42426407  -0.42426407   0.30000000   0.65328148  -0.27059805  -0.65328148  -0.27059805
  0.42426407  -0.42426407   0.30000000   0.51327997  -0.21260752  -0.76817776  -0.31818965
  0.42426407  -0.42426407   0.30000000   0.76817776  -0.31818965  -0.51327997  -0.21260752
  0.55432772  -0.22961006   0.30000000   0.69351992  -0.13794969  -0.69351992  -0.13794969
  0.55432772  -0.22961006   0.30000000   0.54489511  -0.10838638  -0.81549316  -0.16221167
  0.55432772  -0.22961006   0.30000000   0.81549316  -0.16221167  -0.54489511  -0.10838638
  0.60000000   0.00000000   0.40000000  -0.70710678   0.00000000   0.70710678   0.00000000
  0.60000000   0.00000000   0.40000000  -0.55557023   0.00000000   0.83146961   0.00000000
  0.60000000   0.00000000   0.40000000  -0.83146961   0.00000000   0.55557023   0.00000000
  0.51961524   0.00000000   0.70000000  -0.86602540   0.00000000   0.50000000   0.00000000
  0.51961524   0.00000000   0.70000000  -0.75183981   0.00000000   0.65934582   0.00000000
  0.51961524   0.00000000   0.70000000  -0.94693013   0.00000000   0.32143947   0.00000000
  0.30000000   0.00000000   0.91961524  -0.96592583   0.00000000   0.25881905   0.00000000
  0.30000000   0.00000000   0.91961524  -0.89687274   0.00000000   0.44228869   0.00000000
  0.30000000   0.00000000   0.91961524  -0.99785892   0.00000000   0.06540313   0.00000000
  0.55432772   0.22961006   0.40000000  -0.69351992  -0.13794969   0.69351992  -0.13794969
  0.55432772   0.22961006   0.40000000  -0.54489511  -0.10838638   0.81549316  -0.16221167
  0.55432772   0.22961006   0.40000000  -0.81549316  -0.16221167   0.54489511  -0.10838638
  0.48006189   0.19884814   0.70000000  -0.84938497  -0.16895317   0.49039264  -0.09754516
  0.48006189   0.19884814   0.70000000  -0.73739342  -0.14667667   0.64667667  -0.12863199
  0.48006189   0.19884814   0.70000000  -0.92873513  -0.18473690   0.31526310  -0.06270973
  0.27716386   0.11480503   0.91961524  -0.94736583  -0.18844278   0.25384591  -0.05049309
  0.27716386   0.11480503   0.91961524  -0.87963958  -0.17497119   0.43379024  -0.08628624
  0.27716386   0.11480503   0.91961524  -0.97868534  -0.19467262   0.06414643  -0.01275952
  0.42426407   0.42426407   0.40000000  -0.65328148  -0.27059805   0.65328148  -0.27059805
  0.42426407   0.42426407   0.40000000  -0.51327997  -0.21260752   0.76817776  -0.31818965
  0.42426407   0.42426407   0.40000000  -0.76817776  -0.31818965   0.51327997  -0.21260752
  0.36742346   0.36742346   0.70000000  -0.80010315  -0.33141357   0.46193977  -0.19134172
  0.36742346   0.36742346   0.70000000  -0.69460941  -0.28771664   0.60915610  -0.25232072
  0.36742346   0.36742346   0.70000000  -0.87484937  -0.36237447   0.29697134  -0.12300956
  0.21213203   0.21213203   0.91961524  -0.89239910  -0.36964381   0.23911762  -0.09904576
  0.21213203   0.21213203   0.91961524  -0.82860237  -0.34321834   0.40862147  -0.16925655
  0.21213203   0.21213203   0.91961524  -0.92190144  -0.38186408   0.06042461  -0.02502869
  0.22961006   0.55432772   0.40000000  -0.58793780  -0.39284748   0.58793780  -0.39284748
  0.22961006   0.55432772   0.40000000  -0.46193977  -0.30865828   0.69134172  -0.46193977
  0.22961006   0.55432772   0.40000000  -0.69134172  -0.46193977   0.46193977  -0.30865828
  0.19884814   0.48006189   0.70000000  -0.72007381  -0.48113794   0.41573481  -0.27778512
  0.19884814   0.48006189   0.70000000  -0.62513195  -0.41769982   0.54822601  -0.36631291
  0.19884814   0.48006189   0.70000000  -0.78734363  -0.52608619   0.26726715  -0.17858220
  0.11480503   0.27716386   0.91961524  -0.80313797  -0.53663964   0.21520017  -0.14379216
  0.11480503   0.27716386   0.91961524  -0.74572243  -0.49827580   0.36774961  -0.24572243
  0.11480503   0.27716386   0.91961524  -0.82968937  -0.55438071   0.05438071  -0.03633603
  0.00000000   0.60000000   0.40000000  -0.50000000  -0.50000000   0.50000000  -0.50000000
  0.00000000   0.60000000   0.40000000  -0.39284748  -0.39284748   0.58793780  -0.58793780
  0.00000000   0.60000000   0.40000000  -0.58793780  -0.58793780   0.39284748  -0.39284748
  0.00000000   0.51961524   0.70000000  -0.61237244  -0.61237244   0.35355339  -0.35355339
  0.00000000   0.51961524   0.70000000  -0.53163103  -0.53163103   0.46622790  -0.46622790
  0.00000000   0.51961524   0.70000000  -0.66958072  -0.66958072   0.22729203  -0.22729203
  0.00000000   0.30000000   0.91961524  -0.68301270  -0.68301270   0.18301270  -0.18301270
  0.00000000   0.30000000   0.91961524  -0.63418480  -0.63418480   0.31274533  -0.31274533
  0.00000000   0.30000000   0.91961524  -0.70559281  -0.70559281   0.04624700  -0.04624700
 -0.22961006   0.55432772   0.40000000  -0.39284748  -0.58793780   0.39284748  -0.58793780
 -0.22961006   0.55432772   0.40000000  -0.30865828  -0.46193977   0.46193977  -0.69134172
 -0.22961006   0.55432772   0.40000000  -0.46193977  -0.69134172   0.30865828  -0.46193977
 -0.19884814   0.48006189   0.70000000  -0.48113794  -0.72007381   0.27778512  -0.41573481
 -0.19884814   0.48006189   0.70000000  -0.41769982  -0.62513195   0.36631291  -0.54822601
 -0.19884814   0.48006189   0.70000000  -0.52608619  -0.78734363   0.17858220  -0.26726715
 -0.11480503   0.27716386   0.91961524  -0.53663964  -0.80313797   0.14379216  -0.21520017
 -0.11480503   0.27716386   0.91961524  -0.49827580  -0.74572243   0.24572243  -0.36774961
 -0.11480503   0.27716386   0.91961524  -0.55438071  -0.82968937   0.03633603  -0.05438071
 -0.42426407   0.42426407   0.40000000  -0.27059805  -0.65328148   0.27059805  -0.65328148
 -0.42426407   0.42426407   0.40000000  -0.21260752  -0.51327997   0.31818965  -0.76817776
 -0.42426407   0.42426407   0.40000000  -0.31818965  -0.76817776   0.21260752  -0.51327997
 -0.36742346   0.36742346   0.70000000  -0.33141357  -0.80010315   0.19134172  -0.46193977
 -0.36742346   0.36742346   0.70000000  -0.28771664  -0.69460941   0.25232072  -0.60915610
 -0.36742346   0.36742346   0.70000000  -0.36237447  -0.87484937   0.12300956  -0.29697134
 -0.21213203   0.21213203   0.91961524  -0.36964381  -0.89239910   0.09904576  -0.23911762
 -0.21213203   0.21213203   0.91961524  -0.34321834  -0.82860237   0.16925655  -0.40862147
 -0.21213203   0.21213203   0.91961524  -0.38186408  -0.92190144   0.02502869  -0.06042461
 -0.55432772   0.22961006   0.40000000  -0.13794969  -0.69351992   0.13794969  -0.69351992
 -0.55432772   0.22961006   0.40000000  -0.10838638  -0.54489511   0.16221167  -0.81549316
 -0.55432772   0.22961006   0.40000000  -0.16221167  -0.81549316   0.10838638  -0.54489511
 -0.48006189   0.19884814   0.70000000  -0.16895317  -0.84938497   0.09754516  -0.49039264
 -0.48006189   0.19884814   0.70000000  -0.14667667  -0.73739342   0.12863199  -0.64667667
 -0.48006189   0.19884814   0.70000000  -0.18473690  -0.92873513   0.06270973  -0.31526310
 -0.27716386   0.11480503   0.91961524  -0.18844278  -0.94736583   0.05049309  -0.25384591
 -0.27716386   0.11480503   0.91961524  -0.17497119  -0.87963958   0.08628624  -0.43379024
 -0.27716386   0.11480503   0.91961524  -0.19467262  -0.97868534   0.01275952  -0.06414643
 -0.60000000   0.00000000   0.40000000  -0.00000000  -0.70710678   0.00000000  -0.70710678
 -0.60000000   0.00000000   0.40000000  -0.00000000  -0.55557023   0.00000000  -0.83146961
 -0.60000000   0.00000000   0.40000000  -0.00000000  -0.83146961   0.00000000  -0.55557023
 -0.51961524   0.00000000   0.70000000  -0.00000000  -0.86602540   0.00000000  -0.50000000
 -0.51961524   0.00000000   0.70000000  -0.00000000  -0.75183981   0.00000000  -0.65934582
 -0.51961524   0.00000000   0.70000000  -0.00000000  -0.94693013   0.00000000  -0.32143947
 -0.30000000   0.00000000   0.91961524  -0.00000000  -0.96592583   0.00000000  -0.25881905
 -0.30000000   0.00000000   0.91961524  -0.00000000  -0.89687274   0.00000000  -0.44228869
 -0.30000000   0.00000000   0.91961524  -0.00000000  -0.99785892   0.00000000  -0.06540313
 -0.55432772  -0.22961006   0.40000000   0.13794969  -0.69351992  -0.13794969  -0.69351992
 -0.55432772  -0.22961006   0.40000000   0.10838638  -0.54489511  -0.16221167  -0.81549316
 -0.55432772  -0.22961006   0.40000000   0.16221167  -0.81549316  -0.10838638  -0.54489511
 -0.48006189  -0.19884814   0.70000000   0.16895317  -0.84938497  -0.09754516  -0.49039264
 -0.48006189  -0.19884814   0.70000000   0.14667667  -0.73739342  -0.12863199  -0.64667667
 -0.48006189  -0.19884814   0.70000000   0.18473690  -0.92873513  -0.06270973  -0.31526310
 -0.27716386  -0.11480503   0.91961524   0.18844278  -0.94736583  -0.05049309  -0.25384591
 -0.27716386  -0.11480503   0.91961524   0.17497119  -0.87963958  -0.08628624  -0.43379024
 -0.27716386  -0.11480503   0.91961524   0.19467262  -0.97868534  -0.01275952  -0.06414643
 -0.42426407  -0.42426407   0.40000000   0.27059805  -0.65328148  -0.27059805  -0.65328148
 -0.42426407  -0.42426407   0.40000000   0.21260752  -0.51327997  -0.31818965  -0.76817776
 -0.42426407  -0.42426407   0.40000000   0.31818965  -0.76817776  -0.21260752  -0.51327997
 -0.36742346  -0.36742346   0.70000000   0.33141357  -0.80010315  -0.19134172  -0.46193977
 -0.36742346  -0.36742346   0.70000000   0.28771664  -0.69460941  -0.25232072  -0.60915610
 -0.36742346  -0.36742346   0.70000000   0.36237447  -0.87484937  -0.12300956  -0.29697134
 -0.21213203  -0.21213203   0.91961524   0.36964381  -0.89239910  -0.09904576  -0.23911762
 -0.21213203  -0.21213203   0.91961524   0.34321834  -0.82860237  -0.16925655  -0.40862147
 -0.21213203  -0.21213203   0.91961524   0.38186408  -0.92190144  -0.02502869  -0.06042461
 -0.22961006  -0.55432772   0.40000000   0.39284748  -0.58793780  -0.39284748  -0.58793780
 -0.22961006  -0.55432772   0.40000000   0.30865828  -0.46193977  -0.46193977  -0.69134172
 -0.22961006  -0.55432772   0.40000000   0.46193977  -0.69134172  -0.30865828  -0.46193977
 -0.19884814  -0.48006189   0.70000000   0.48113794  -0.72007381  -0.27778512  -0.41573481
 -0.19884814  -0.48006189   0.70000000   0.41769982  -0.62513195  -0.36631291  -0.54822601
 -0.19884814  -0.48006189   0.70000000   0.52608619  -0.78734363  -0.17858220  -0.26726715
 -0.11480503  -0.27716386   0.91961524   0.53663964  -0.80313797  -0.14379216  -0.21520017
 -0.11480503  -0.27716386   0.91961524   0.49827580  -0.74572243  -0.24572243  -0.36774961
 -0.11480503  -0.27716386   0.91961524   0.55438071  -0.82968937  -0.03633603  -0.05438071
 -0.00000000  -0.60000000   0.40000000   0.50000000  -0.50000000  -0.50000000  -0.50000000
 -0.00000000  -0.60000000   0.40000000   0.39284748  -0.39284748  -0.58793780  -0.58793780
 -0.00000000  -0.60000000   0.40000000   0.58793780  -0.58793780  -0.39284748  -0.39284748
 -0.00000000  -0.51961524   0.70000000   0.61237244  -0.61237244  -0.35355339  -0.35355339
 -0.00000000  -0.51961524   0.70000000   0.53163103  -0.53163103  -0.46622790  -0.46622790
 -0.00000000  -0.51961524   0.70000000   0.66958072  -0.66958072  -0.22729203  -0.22729203
 -0.00000000  -0.30000000   0.91961524   0.68301270  -0.68301270  -0.18301270  -0.18301270
 -0.00000000  -0.30000000   0.91961524   0.63418480  -0.63418480  -0.31274533  -0.31274533
 -0.00000000  -0.30000000   0.91961524   0.70559281  -0.70559281  -0.04624700  -0.04624700
  0.22961006  -0.55432772   0.40000000   0.58793780  -0.39284748  -0.58793780  -0.39284748
  0.22961006  -0.55432772   0.40000000   0.46193977  -0.30865828  -0.69134172  -0.46193977
  0.22961006  -0.55432772   0.40000000   0.69134172  -0.46193977  -0.46193977  -0.30865828
  0.19884814  -0.48006189   0.70000000   0.72007381  -0.48113794  -0.41573481  -0.27778512
  0.19884814  -0.48006189   0.70000000   0.62513195  -0.41769982  -0.54822601  -0.36631291
  0.19884814  -0.48006189   0.70000000   0.78734363  -0.52608619  -0.26726715  -0.17858220
  0.11480503  -0.27716386   0.91961524   0.80313797  -0.53663964  -0.21520017  -0.14379216
  0.11480503  -0.27716386   0.91961524   0.74572243  -0.49827580  -0.36774961  -0.24572243
  0.11480503  -0.27716386   0.91961524   0.82968937  -0.55438071  -0.05438071  -0.03633603
  0.42426407  -0.42426407   0.40000000   0.65328148  -0.27059805  -0.65328148  -0.27059805
  0.42426407  -0.42426407   0.40000000   0.51327997  -0.21260752  -0.76817776  -0.31818965
  0.42426407  -0.42426407   0.40000000   0.76817776  -0.31818965  -0.51327997  -0.21260752
  0.36742346  -0.36742346   0.70000000   0.80010315  -0.33141357  -0.46193977  -0.19134172
  0.36742346  -0.36742346   0.70000000   0.69460941  -0.28771664  -0.60915610  -0.25232072
  0.36742346  -0.36742346   0.70000000   0.87484937  -0.36237447  -0.29697134  -0.12300956
  0.21213203  -0.21213203   0.91961524   0.89239910  -0.36964381  -0.23911762  -0.09904576
  0.21213203  -0.21213203   0.91961524   0.82860237  -0.34321834  -0.40862147  -0.16925655
  0.21213203  -0.21213203   0.91961524   0.92190144  -0.38186408  -0.06042461  -0.02502869
  0.55432772  -0.22961006   0.40000000   0.69351992  -0.13794969  -0.69351992  -0.13794969
  0.55432772  -0.22961006   0.40000000   0.54489511  -0.10838638  -0.81549316  -0.16221167
  0.55432772  -0.22961006   0.40000000   0.81549316  -0.16221167  -0.54489511  -0.10838638
  0.48006189  -0.19884814   0.70000000   0.84938497  -0.16895317  -0.49039264  -0.09754516
  0.48006189  -0.19884814   0.70000000   0.73739342  -0.14667667  -0.64667667  -0.12863199
  0.48006189  -0.19884814   0.70000000   0.92873513  -0.18473690  -0.31526310  -0.06270973
  0.27716386  -0.11480503   0.91961524   0.94736583  -0.18844278  -0.25384591  -0.05049309
  0.27716386  -0.11480503   0.91961524   0.87963958  -0.17497119  -0.43379024  -0.08628624
  0.27716386  -0.11480503   0.91961524   0.97868534  -0.19467262  -0.06414643  -0.01275952
  0.80000000   0.00000000   0.10000000  -0.70710678   0.00000000   0.70710678   0.00000000
  0.80000000   0.00000000   0.10000000  -0.55557023   0.00000000   0.83146961   0.00000000
  0.80000000   0.00000000   0.10000000  -0.83146961   0.00000000   0.55557023   0.00000000
  0.73910363   0.30614675   0.10000000  -0.69351992  -0.13794969   0.69351992  -0.13794969
  0.73910363   0.30614675   0.10000000  -0.54489511  -0.10838638   0.81549316  -0.16221167
  0.73910363   0.30614675   0.10000000  -0.81549316  -0.16221167   0.54489511  -0.10838638
  0.56568542   0.56568542   0.10000000  -0.65328148  -0.27059805   0.65328148  -0.27059805
  0.56568542   0.56568542   0.10000000  -0.51327997  -0.21260752   0.76817776  -0.31818965
  0.56568542   0.56568542   0.10000000  -0.76817776  -0.31818965   0.51327997  -0.21260752
  0.30614675   0.73910363   0.10000000  -0.58793780  -0.39284748   0.58793780  -0.39284748
  0.30614675   0.73910363   0.10000000  -0.46193977  -0.30865828   0.69134172  -0.46193977
  0.30614675   0.73910363   0.10000000  -0.69134172  -0.46193977   0.46193977  -0.30865828
  0.00000000   0.80000000   0.10000000  -0.50000000  -0.50000000   0.50000000  -0.50000000
  0.00000000   0.80000000   0.10000000  -0.39284748  -0.39284748   0.58793780  -0.58793780
  0.00000000   0.80000000   0.10000000  -0.58793780  -0.58793780   0.39284748  -0.39284748
 -0.30614675   0.73910363   0.10000000  -0.39284748  -0.58793780   0.39284748  -0.58793780
 -0.30614675   0.73910363   0.10000000  -0.30865828  -0.46193977   0.46193977  -0.69134172
 -0.30614675   0.73910363   0.10000000  -0.46193977  -0.69134172   0.30865828  -0.46193977
 -0.56568542   0.56568542   0.10000000  -0.27059805  -0.65328148   0.27059805  -0.65328148
 -0.56568542   0.56568542   0.10000000  -0.21260752  -0.51327997   0.31818965  -0.76817776
 -0.56568542   0.56568542   0.10000000  -0.31818965  -0.76817776   0.21260752  -0.51327997
 -0.73910363   0.30614675   0.10000000  -0.13794969  -0.69351992   0.13794969  -0.69351992
 -0.73910363   0.30614675   0.10000000  -0.10838638  -0.54489511   0.16221167  -0.81549316
 -0.73910363   0.30614675   0.10000000  -0.16221167  -0.81549316   0.10838638  -0.54489511
 -0.80000000   0.00000000   0.10000000  -0.00000000  -0.70710678   0.00000000  -0.70710678
 -0.80000000   0.00000000   0.10000000  -0.00000000  -0.55557023   0.00000000  -0.83146961
 -0.80000000   0.00000000   0.10000000  -0.00000000  -0.83146961   0.00000000  -0.55557023
 -0.73910363  -0.30614675   0.10000000   0.13794969  -0.69351992  -0.13794969  -0.69351992
 -0.73910363  -0.30614675   0.10000000   0.10838638  -0.54489511  -0.16221167  -0.81549316
 -0.73910363  -0.30614675   0.10000000   0.16221167  -0.81549316  -0.10838638  -0.54489511
 -0.56568542  -0.56568542   0.10000000   0.27059805  -0.65328148  -0.27059805  -0.65328148
 -0.56568542  -0.56568542   0.10000000   0.21260752  -0.51327997  -0.31818965  -0.76817776
 -0.56568542  -0.56568542   0.10000000   0.31818965  -0.76817776  -0.21260752  -0.51327997
 -0.30614675  -0.73910363   0.10000000   0.39284748  -0.58793780  -0.39284748  -0.58793780
 -0.30614675  -0.73910363   0.10000000   0.30865828  -0.46193977  -0.46193977  -0.69134172
 -0.30614675  -0.73910363   0.10000000   0.46193977  -0.69134172  -0.30865828  -0.46193977
 -0.00000000  -0.80000000   0.10000000   0.50000000  -0.50000000  -0.50000000  -0.50000000
 -0.00000000  -0.80000000   0.10000000   0.39284748  -0.39284748  -0.58793780  -0.58793780
 -0.00000000  -0.80000000   0.10000000   0.58793780  -0.58793780  -0.39284748  -0.39284748
  0.30614675  -0.73910363   0.10000000   0.58793780  -0.39284748  -0.58793780  -0.39284748
  0.30614675  -0.73910363   0.10000000   0.46193977  -0.30865828  -0.69134172  -0.46193977
  0.30614675  -0.73910363   0.10000000   0.69134172  -0.46193977  -0.46193977  -0.30865828
  0.56568542  -0.56568542   0.10000000   0.65328148  -0.27059805  -0.65328148  -0.27059805
  0.56568542  -0.56568542   0.10000000   0.51327997  -0.21260752  -0.76817776  -0.31818965
  0.56568542  -0.56568542   0.10000000   0.76817776  -0.31818965  -0.51327997  -0.21260752
  0.73910363  -0.30614675   0.10000000   0.69351992  -0.13794969  -0.69351992  -0.13794969
  0.73910363  -0.30614675   0.10000000   0.54489511  -0.10838638  -0.81549316  -0.16221167
  0.73910363  -0.30614675   0.10000000   0.81549316  -0.16221167  -0.54489511  -0.10838638
  0.80000000   0.00000000   0.20000000  -0.70710678   0.00000000   0.70710678   0.00000000
  0.80000000   0.00000000   0.20000000  -0.55557023   0.00000000   0.83146961   0.00000000
  0.80000000   0.00000000   0.20000000  -0.83146961   0.00000000   0.55557023   0.00000000
  0.73910363   0.30614675   0.20000000  -0.69351992  -0.13794969   0.69351992  -0.13794969
  0.73910363   0.30614675   0.20000000  -0.54489511  -0.10838638   0.81549316  -0.16221167
  0.73910363   0.30614675   0.20000000  -0.81549316  -0.16221167   0.54489511  -0.10838638
  0.56568542   0.56568542   0.20000000  -0.65328148  -0.27059805   0.65328148  -0.27059805
  0.56568542   0.56568542   0.20000000  -0.51327997  -0.21260752   0.76817776  -0.31818965
  0.56568542   0.56568542   0.20000000  -0.76817776  -0.31818965   0.51327997  -0.21260752
  0.30614675   0.73910363   0.20000000  -0.58793780  -0.39284748   0.58793780  -0.39284748
  0.30614675   0.73910363   0.20000000  -0.46193977  -0.30865828   0.69134172  -0.46193977
  0.30614675   0.73910363   0.20000000  -0.69134172  -0.46193977   0.46193977  -0.30865828
  0.00000000   0.80000000   0.20000000  -0.50000000  -0.50000000   0.50000000  -0.50000000
  0.00000000   0.80000000   0.20000000  -0.39284748  -0.39284748   0.58793780  -0.58793780
  0.00000000   0.80000000   0.20000000  -0.58793780  -0.58793780   0.39284748  -0.39284748
 -0.30614675   0.73910363   0.20000000  -0.39284748  -0.58793780   0.39284748  -0.58793780
 -0.30614675   0.73910363   0.20000000  -0.30865828  -0.46193977   0.46193977  -0.69134172
 -0.30614675   0.73910363   0.20000000  -0.46193977  -0.69134172   0.30865828  -0.46193977
 -0.56568542   0.56568542   0.20000000  -0.27059805  -0.65328148   0.27059805  -0.65328148
 -0.56568542   0.56568542   0.20000000  -0.21260752  -0.51327997   0.31818965  -0.76817776
 -0.56568542   0.56568542   0.20000000  -0.31818965  -0.76817776   0.21260752  -0.51327997
 -0.73910363   0.30614675   0.20000000  -0.13794969  -0.69351992   0.13794969  -0.69351992
 -0.73910363   0.30614675   0.20000000  -0.10838638  -0.54489511   0.16221167  -0.81549316
 -0.73910363   0.30614675   0.20000000  -0.16221167  -0.81549316   0.10838638  -0.54489511
 -0.80000000   0.00000000   0.20000000  -0.00000000  -0.70710678   0.00000000  -0.70710678
 -0.80000000   0.00000000   0.20000000  -0.00000000  -0.55557023   0.00000000  -0.83146961
 -0.80000000   0.00000000   0.20000000  -0.00000000  -0.83146961   0.00000000  -0.55557023
 -0.73910363  -0.30614675   0.20000000   0.13794969  -0.69351992  -0.13794969  -0.69351992
 -0.73910363  -0.30614675   0.20000000   0.10838638  -0.54489511  -0.16221167  -0.81549316
 -0.73910363  -0.30614675   0.20000000   0.16221167  -0.81549316  -0.10838638  -0.54489511
 -0.56568542  -0.56568542   0.20000000   0.27059805  -0.65328148  -0.27059805  -0.65328148
 -0.56568542  -0.56568542   0.20000000   0.21260752  -0.51327997  -0.31818965  -0.76817776
 -0.56568542  -0.56568542   0.20000000   0.31818965  -0.76817776  -0.21260752  -0.51327997
 -0.30614675  -0.73910363   0.20000000   0.39284748  -0.58793780  -0.39284748  -0.58793780
 -0.30614675  -0.73910363   0.20000000   0.30865828  -0.46193977  -0.46193977  -0.69134172
 -0.30614675  -0.73910363   0.20000000   0.46193977  -0.69134172  -0.30865828  -0.46193977
 -0.00000000  -0.80000000   0.20000000   0.50000000  -0.50000000  -0.50000000  -0.50000000
 -0.00000000  -0.80000000   0.20000000   0.39284748  -0.39284748  -0.58793780  -0.58793780
 -0.00000000  -0.80000000   0.20000000   0.58793780  -0.58793780  -0.39284748  -0.39284748
  0.30614675  -0.73910363   0.20000000   0.58793780  -0.39284748  -0.58793780  -0.39284748
  0.30614675  -0.73910363   0.20000000   0.46193977  -0.30865828  -0.69134172  -0.46193977
  0.30614675  -0.73910363   0.20000000   0.69134172  -0.46193977  -0.46193977  -0.30865828
  0.56568542  -0.56568542   0.20000000   0.65328148  -0.27059805  -0.65328148  -0.27059805
  0.56568542  -0.56568542   0.20000000   0.51327997  -0.21260752  -0.76817776  -0.31818965
  0.56568542  -0.56568542   0.20000000   0.76817776  -0.31818965  -0.51327997  -0.21260752
  0.73910363  -0.30614675   0.20000000   0.69351992  -0.13794969  -0.69351992  -0.13794969
  0.73910363  -0.30614675   0.20000000   0.54489511  -0.10838638  -0.81549316  -0.16221167
  0.73910363  -0.30614675   0.20000000   0.81549316  -0.16221167  -0.54489511  -0.10838638
  0.80000000   0.00000000   0.30000000  -0.70710678   0.00000000   0.70710678   0.00000000
  0.80000000   0.00000000   0.30000000  -0.55557023   0.00000000   0.83146961   0.00000000
  0.80000000   0.00000000   0.30000000  -0.83146961   0.00000000   0.55557023   0.00000000
  0.73910363   0.30614675   0.30000000  -0.69351992  -0.13794969   0.69351992  -0.13794969
  0.73910363   0.30614675   0.30000000  -0.54489511  -0.10838638   0.81549316  -0.16221167
  0.73910363   0.30614675   0.30000000  -0.81549316  -0.16221167   0.54489511  -0.10838638
  0.56568542   0.56568542   0.30000000  -0.65328148  -0.27059805   0.65328148  -0.27059805
  0.56568542   0.56568542   0.30000000  -0.51327997  -0.21260752   0.76817776  -0.31818965
  0.56568542   0.56568542   0.30000000  -0.76817776  -0.31818965   0.51327997  -0.21260752
  0.30614675   0.73910363   0.30000000  -0.58793780  -0.39284748   0.58793780  -0.39284748
  0.30614675   0.73910363   0.30000000  -0.46193977  -0.30865828   0.69134172  -0.46193977
  0.30614675   0.73910363   0.30000000  -0.69134172  -0.46193977   0.46193977  -0.30865828
  0.00000000   0.80000000   0.30000000  -0.50000000  -0.50000000   0.50000000  -0.50000000
  0.00000000   0.80000000   0.30000000  -0.39284748  -0.39284748   0.58793780  -0.58793780
  0.00000000   0.80000000   0.30000000  -0.58793780  -0.58793780   0.39284748  -0.39284748
 -0.30614675   0.73910363   0.30000000  -0.39284748  -0.58793780   0.39284748  -0.58793780
 -0.30614675   0.73910363   0.30000000  -0.30865828  -0.46193977   0.46193977  -0.69134172
 -0.30614675   0.73910363   0.30000000  -0.46193977  -0.69134172   0.30865828  -0.46193977
 -0.56568542   0.56568542   0.30000000  -0.27059805  -0.65328148   0.27059805  -0.65328148
 -0.56568542   0.56568542   0.30000000  -0.21260752  -0.51327997   0.31818965  -0.76817776
 -0.56568542   0.56568542   0.30000000  -0.31818965  -0.76817776   0.21260752  -0.51327997
 -0.73910363   0.30614675   0.30000000  -0.13794969  -0.69351992   0.13794969  -0.69351992
 -0.73910363   0.30614675   0.30000000  -0.10838638  -0.54489511   0.16221167  -0.81549316
 -0.73910363   0.30614675   0.30000000  -0.16221167  -0.81549316   0.10838638  -0.54489511
 -0.80000000   0.00000000   0.30000000  -0.00000000  -0.70710678   0.00000000  -0.70710678
 -0.80000000   0.00000000   0.30000000  -0.00000000  -0.55557023   0.00000000  -0.83146961
 -0.80000000   0.00000000   0.30000000  -0.00000000  -0.83146961   0.00000000  -0.55557023
 -0.73910363  -0.30614675   0.30000000   0.13794969  -0.69351992  -0.13794969  -0.69351992
 -0.73910363  -0.30614675   0.30000000   0.10838638  -0.54489511  -0.16221167  -0.81549316
 -0.73910363  -0.30614675   0.30000000   0.16221167  -0.81549316  -0.10838638  -0.54489511
 -0.56568542  -0.56568542   0.30000000   0.27059805  -0.65328148  -0.27059805  -0.65328148
 -0.56568542  -0.56568542   0.30000000   0.21260752  -0.51327997  -0.31818965  -0.76817776
 -0.56568542  -0.56568542   0.30000000   0.31818965  -0.76817776  -0.21260752  -0.51327997
 -0.30614675  -0.73910363   0.30000000   0.39284748  -0.58793780  -0.39284748  -0.58793780
 -0.30614675  -0.73910363   0.30000000   0.30865828  -0.46193977  -0.46193977  -0.69134172
 -0.30614675  -0.73910363   0.30000000   0.46193977  -0.69134172  -0.30865828  -0.46193977
 -0.00000000  -0.80000000   0.30000000   0.50000000  -0.50000000  -0.50000000  -0.50000000
 -0.00000000  -0.80000000   0.30000000   0.39284748  -0.39284748  -0.58793780  -0.58793780
 -0.00000000  -0.80000000   0.30000000   0.58793780  -0.58793780  -0.39284748  -0.39284748
  0.30614675  -0.73910363   0.30000000   0.58793780  -0.39284748  -0.58793780  -0.39284748
  0.30614675  -0.73910363   0.30000000   0.46193977  -0.30865828  -0.69134172  -0.46193977
  0.30614675  -0.73910363   0.30000000   0.69134172  -0.46193977  -0.46193977  -0.30865828
  0.56568542  -0.56568542   0.30000000   0.65328148  -0.27059805  -0.65328148  -0.27059805
  0.56568542  -0.56568542   0.30000000   0.51327997  -0.21260752  -0.76817776  -0.31818965
  0.56568542  -0.56568542   0.30000000   0.76817776  -0.31818965  -0.51327997  -0.21260752
  0.73910363  -0.30614675   0.30000000   0.69351992  -0.13794969  -0.69351992  -0.13794969
  0.73910363  -0.30614675   0.30000000   0.54489511  -0.10838638  -0.81549316  -0.16221167
  0.73910363  -0.30614675   0.30000000   0.81549316  -0.16221167  -0.54489511  -0.10838638
  0.80000000   0.00000000   0.40000000  -0.70710678   0.00000000   0.70710678   0.00000000
  0.80000000   0.00000000   0.40000000  -0.55557023   0.00000000   0.83146961   0.00000000
  0.80000000   0.00000000   0.40000000  -0.83146961   0.00000000   0.55557023   0.00000000
  0.69282032   0.00000000   0.80000000  -0.86602540   0.00000000   0.50000000   0.00000000
  0.69282032   0.00000000   0.80000000  -0.75183981   0.00000000   0.65934582   0.00000000
  0.69282032   0.00000000   0.80000000  -0.94693013   0.00000000   0.32143947   0.00000000
  0.40000000   0.00000000   1.09282032  -0.96592583   0.00000000   0.25881905   0.00000000
  0.40000000   0.00000000   1.09282032  -0.89687274   0.00000000   0.44228869   0.00000000
  0.40000000   0.00000000   1.09282032  -0.99785892   0.00000000   0.06540313   0.00000000
  0.73910363   0.30614675   0.40000000  -0.69351992  -0.13794969   0.69351992  -0.13794969
  0.73910363   0.30614675   0.40000000  -0.54489511  -0.10838638   0.81549316  -0.16221167
  0.73910363   0.30614675   0.40000000  -0.81549316  -0.16221167   0.54489511  -0.10838638
  0.64008252   0.26513086   0.80000000  -0.84938497  -0.16895317   0.49039264  -0.09754516
  0.64008252   0.26513086   0.80000000  -0.73739342  -0.14667667   0.64667667  -0.12863199
  0.64008252   0.26513086   0.80000000  -0.92873513  -0.18473690   0.31526310  -0.06270973
  0.36955181   0.15307337   1.09282032  -0.94736583  -0.18844278   0.25384591  -0.05049309
  0.36955181   0.15307337   1.09282032  -0.87963958  -0.17497119   0.43379024  -0.08628624
  0.36955181   0.15307337   1.09282032  -0.97868534  -0.19467262   0.06414643  -0.01275952
  0.56568542   0.56568542   0.40000000  -0.65328148  -0.27059805   0.65328148  -0.27059805
  0.56568542   0.56568542   0.40000000  -0.51327997  -0.21260752   0.76817776  -0.31818965
  0.56568542   0.56568542   0.40000000  -0.76817776  -0.31818965   0.51327997  -0.21260752
  0.48989795   0.48989795   0.80000000  -0.80010315  -0.33141357   0.46193977  -0.19134172
  0.48989795   0.48989795   0.80000000  -0.69460941  -0.28771664   0.60915610  -0.25232072
  0.48989795   0.48989795   0.80000000  -0.87484937  -0.36237447   0.29697134  -0.12300956
  0.28284271   0.28284271   1.09282032  -0.89239910  -0.36964381   0.23911762  -0.09904576
  0.28284271   0.28284271   1.09282032  -0.82860237  -0.34321834   0.40862147  -0.16925655
  0.28284271   0.28284271   1.09282032  -0.92190144  -0.38186408   0.06042461  -0.02502869
  0.30614675   0.73910363   0.40000000  -0.58793780  -0.39284748   0.58793780  -0.39284748
  0.30614675   0.73910363   0.40000000  -0.46193977  -0.30865828   0.69134172  -0.46193977
  0.30614675   0.73910363   0.40000000  -0.69134172  -0.46193977   0.46193977  -0.30865828
  0.26513086   0.64008252   0.80000000  -0.72007381  -0.48113794   0.41573481  -0.27778512
  0.26513086   0.64008252   0.80000000  -0.62513195  -0.41769982   0.54822601  -0.36631291
  0.26513086   0.64008252   0.80000000  -0.78734363  -0.52608619   0.26726715  -0.17858220
  0.15307337   0.36955181   1.09282032  -0.80313797  -0.53663964   0.21520017  -0.14379216
  0.15307337   0.36955181   1.09282032  -0.74572243  -0.49827580   0.36774961  -0.24572243
  0.15307337   0.36955181   1.09282032  -0.82968937  -0.55438071   0.05438071  -0.03633603
  0.00000000   0.80000000   0.40000000  -0.50000000  -0.50000000   0.50000000  -0.50000000
  0.00000000   0.80000000   0.40000000  -0.39284748  -0.39284748   0.58793780  -0.58793780
  0.00000000   0.80000000   0.40000000  -0.58793780  -0.58793780   0.39284748  -0.39284748
  0.00000000   0.69282032   0.80000000  -0.61237244  -0.61237244   0.35355339  -0.35355339
  0.00000000   0.69282032   0.80000000  -0.53163103  -0.53163103   0.46622790  -0.46622790
  0.00000000   0.69282032   0.80000000  -0.66958072  -0.66958072   0.22729203  -0.22729203
  0.00000000   0.40000000   1.09282032  -0.68301270  -0.68301270   0.18301270  -0.18301270
  0.00000000   0.40000000   1.09282032  -0.63418480  -0.63418480   0.31274533  -0.31274533
  0.00000000   0.40000000   1.09282032  -0.70559281  -0.70559281   0.04624700  -0.04624700
 -0.30614675   0.73910363   0.40000000  -0.39284748  -0.58793780   0.39284748  -0.58793780
 -0.30614675   0.73910363   0.40000000  -0.30865828  -0.46193977   0.46193977  -0.69134172
 -0.30614675   0.73910363   0.40000000  -0.46193977  -0.69134172   0.30865828  -0.46193977
 -0.26513086   0.64008252   0.80000000  -0.48113794  -0.72007381   0.27778512  -0.41573481
 -0.26513086   0.64008252   0.80000000  -0.41769982  -0.62513195   0.36631291  -0.54822601
 -0.26513086   0.64008252   0.80000000  -0.52608619  -0.78734363   0.17858220  -0.26726715
 -0.15307337   0.36955181   1.09282032  -0.53663964  -0.80313797   0.14379216  -0.21520017
 -0.15307337   0.36955181   1.09282032  -0.49827580  -0.74572243   0.24572243  -0.36774961
 -0.15307337   0.36955181   1.09282032  -0.55438071  -0.82968937   0.03633603  -0.05438071
 -0.56568542   0.56568542   0.40000000  -0.27059805  -0.65328148   0.27059805  -0.65328148
 -0.56568542   0.56568542   0.40000000  -0.21260752  -0.51327997   0.31818965  -0.76817776
 -0.56568542   0.56568542   0.40000000  -0.31818965  -0.76817776   0.21260752  -0.51327997
 -0.48989795   0.48989795   0.80000000  -0.33141357  -0.80010315   0.19134172  -0.46193977
 -0.48989795   0.48989795   0.80000000  -0.28771664  -0.69460941   0.25232072  -0.60915610
 -0.48989795   0.48989795   0.80000000  -0.36237447  -0.87484937   0.12300956  -0.29697134
 -0.28284271   0.28284271   1.09282032  -0.36964381  -0.89239910   0.09904576  -0.23911762
 -0.28284271   0.28284271   1.09282032  -0.34321834  -0.82860237   0.16925655  -0.40862147
 -0.28284271   0.28284271   1.09282032  -0.38186408  -0.92190144   0.02502869  -0.06042461
 -0.73910363   0.30614675   0.40000000  -0.13794969  -0.69351992   0.13794969  -0.69351992
 -0.73910363   0.30614675   0.40000000  -0.10838638  -0.54489511   0.16221167  -0.81549316
 -0.73910363   0.30614675   0.40000000  -0.16221167  -0.81549316   0.10838638  -0.54489511
 -0.64008252   0.26513086   0.80000000  -0.16895317  -0.84938497   0.09754516  -0.49039264
 -0.64008252   0.26513086   0.80000000  -0.14667667  -0.73739342   0.12863199  -0.64667667
 -0.64008252   0.26513086   0.80000000  -0.18473690  -0.92873513   0.06270973  -0.31526310
 -0.36955181   0.15307337   1.09282032  -0.18844278  -0.94736583   0.05049309  -0.25384591
 -0.36955181   0.15307337   1.09282032  -0.17497119  -0.87963958   0.08628624  -0.43379024
 -0.36955181   0.15307337   1.09282032  -0.19467262  -0.97868534   0.01275952  -0.06414643
 -0.80000000   0.00000000   0.40000000  -0.00000000  -0.70710678   0.00000000  -0.70710678
 -0.80000000   0.00000000   0.40000000  -0.00000000  -0.55557023   0.00000000  -0.83146961
 -0.80000000   0.00000000   0.40000000  -0.00000000  -0.83146961   0.00000000  -0.55557023
 -0.69282032   0.00000000   0.80000000  -0.00000000  -0.86602540   0.00000000  -0.50000000
 -0.69282032   0.00000000   0.80000000  -0.00000000  -0.75183981   0.00000000  -0.65934582
 -0.69282032   0.00000000   0.80000000  -0.00000000  -0.94693013   0.00000000  -0.32143947
 -0.40000000   0.00000000   1.09282032  -0.00000000  -0.96592583   0.00000000  -0.25881905
 -0.40000000   0.00000000   1.09282032  -0.00000000  -0.89687274   0.00000000  -0.44228869
 -0.40000000   0.00000000   1.09282032  -0.00000000  -0.99785892   0.00000000  -0.06540313
 -0.73910363  -0.30614675   0.40000000   0.13794969  -0.69351992  -0.13794969  -0.69351992
 -0.73910363  -0.30614675   0.40000000   0.10838638  -0.54489511  -0.16221167  -0.81549316
 -0.73910363  -0.30614675   0.40000000   0.16221167  -0.81549316  -0.10838638  -0.54489511
 -0.64008252  -0.26513086   0.80000000   0.16895317  -0.84938497  -0.09754516  -0.49039264
 -0.64008252  -0.26513086   0.80000000   0.14667667  -0.73739342  -0.12863199  -0.64667667
 -0.64008252  -0.26513086   0.80000000   0.18473690  -0.92873513  -0.06270973  -0.31526310
 -0.36955181  -0.15307337   1.09282032   0.18844278  -0.94736583  -0.05049309  -0.25384591
 -0.36955181  -0.15307337   1.09282032   0.17497119  -0.87963958  -0.08628624  -0.43379024
 -0.36955181  -0.15307337   1.09282032   0.19467262  -0.97868534  -0.01275952  -0.06414643
 -0.56568542  -0.56568542   0.40000000   0.27059805  -0.65328148  -0.27059805  -0.65328148
 -0.56568542  -0.56568542   0.40000000   0.21260752  -0.51327997  -0.31818965  -0.76817776
 -0.56568542  -0.56568542   0.40000000   0.31818965  -0.76817776  -0.21260752  -0.51327997
 -0.48989795  -0.48989795   0.80000000   0.33141357  -0.80010315  -0.19134172  -0.46193977
 -0.48989795  -0.48989795   0.80000000   0.28771664  -0.69460941  -0.25232072  -0.60915610
 -0.48989795  -0.48989795   0.80000000   0.36237447  -0.87484937  -0.12300956  -0.29697134
 -0.28284271  -0.28284271   1.09282032   0.36964381  -0.89239910  -0.09904576  -0.23911762
 -0.28284271  -0.28284271   1.09282032   0.34321834  -0.82860237  -0.16925655  -0.40862147
 -0.28284271  -0.28284271   1.09282032   0.38186408  -0.92190144  -0.02502869  -0.06042461
 -0.30614675  -0.73910363   0.40000000   0.39284748  -0.58793780  -0.39284748  -0.58793780
 -0.30614675  -0.73910363   0.40000000   0.30865828  -0.46193977  -0.46193977  -0.69134172
 -0.30614675  -0.73910363   0.40000000   0.46193977  -0.69134172  -0.30865828  -0.46193977
 -0.26513086  -0.64008252   0.80000000   0.48113794  -0.72007381  -0.27778512  -0.41573481
 -0.26513086  -0.64008252   0.80000000   0.41769982  -0.62513195  -0.36631291  -0.54822601
 -0.26513086  -0.64008252   0.80000000   0.52608619  -0.78734363  -0.17858220  -0.26726715
 -0.15307337  -0.36955181   1.09282032   0.53663964  -0.80313797  -0.14379216  -0.21520017
 -0.15307337  -0.36955181   1.09282032   0.49827580  -0.74572243  -0.24572243  -0.36774961
 -0.15307337  -0.36955181   1.09282032   0.55438071  -0.82968937  -0.03633603  -0.05438071
 -0.00000000  -0.80000000   0.40000000   0.50000000  -0.50000000  -0.50000000  -0.50000000
 -0.00000000  -0.80000000   0.40000000   0.39284748  -0.39284748  -0.58793780  -0.58793780
 -0.00000000  -0.80000000   0.40000000   0.58793780  -0.58793780  -0.39284748  -0.39284748
 -0.00000000  -0.69282032   0.80000000   0.61237244  -0.61237244  -0.35355339  -0.35355339
 -0.00000000  -0.69282032   0.80000000   0.53163103  -0.53163103  -0.46622790  -0.46622790
 -0.00000000  -0.69282032   0.80000000   0.66958072  -0.66958072  -0.22729203  -0.22729203
 -0.00000000  -0.40000000   1.09282032   0.68301270  -0.68301270  -0.18301270  -0.18301270
 -0.00000000  -0.40000000   1.09282032   0.63418480  -0.63418480  -0.31274533  -0.31274533
 -0.00000000  -0.40000000   1.09282032   0.70559281  -0.70559281  -0.04624700  -0.04624700
  0.30614675  -0.73910363   0.40000000   0.58793780  -0.39284748  -0.58793780  -0.39284748
  0.30614675  -0.73910363   0.40000000   0.46193977  -0.30865828  -0.69134172  -0.46193977
  0.30614675  -0.73910363   0.40000000   0.69134172  -0.46193977  -0.46193977  -0.30865828
  0.26513086  -0.64008252   0.80000000   0.72007381  -0.48113794  -0.41573481  -0.27778512
  0.26513086  -0.64008252   0.80000000   0.62513195  -0.41769982  -0.54822601  -0.36631291
  0.26513086  -0.64008252   0.80000000   0.78734363  -0.52608619  -0.26726715  -0.17858220
  0.15307337  -0.36955181   1.09282032   0.80313797  -0.53663964  -0.21520017  -0.14379216
  0.15307337  -0.36955181   1.09282032   0.74572243  -0.49827580  -0.36774961  -0.24572243
  0.15307337  -0.36955181   1.09282032   0.82968937  -0.55438071  -0.05438071  -0.03633603
  0.56568542  -0.56568542   0.40000000   0.65328148  -0.27059805  -0.65328148  -0.27059805
  0.56568542  -0.56568542   0.40000000   0.51327997  -0.21260752  -0.76817776  -0.31818965
  0.56568542  -0.56568542   0.40000000   0.76817776  -0.31818965  -0.51327997  -0.21260752
  0.48989795  -0.48989795   0.80000000   0.80010315  -0.33141357  -0.46193977  -0.19134172
  0.48989795  -0.48989795   0.80000000   0.69460941  -0.28771664  -0.60915610  -0.25232072
  0.48989795  -0.48989795   0.80000000   0.87484937  -0.36237447  -0.29697134  -0.12300956
  0.28284271  -0.28284271   1.09282032   0.89239910  -0.36964381  -0.23911762  -0.09904576
  0.28284271  -0.28284271   1.09282032   0.82860237  -0.34321834  -0.40862147  -0.16925655
  0.28284271  -0.28284271   1.09282032   0.92190144  -0.38186408  -0.06042461  -0.02502869
  0.73910363  -0.30614675   0.40000000   0.69351992  -0.13794969  -0.69351992  -0.13794969
  0.73910363  -0.30614675   0.40000000   0.54489511  -0.10838638  -0.81549316  -0.16221167
  0.73910363  -0.30614675   0.40000000   0.81549316  -0.16221167  -0.54489511  -0.10838638
  0.64008252  -0.26513086   0.80000000   0.84938497  -0.16895317  -0.49039264  -0.09754516
  0.64008252  -0.26513086   0.80000000   0.73739342  -0.14667667  -0.64667667  -0.12863199
  0.64008252  -0.26513086   0.80000000   0.92873513  -0.18473690  -0.31526310  -0.06270973
  0.36955181  -0.15307337   1.09282032   0.94736583  -0.18844278  -0.25384591  -0.05049309
  0.36955181  -0.15307337   1.09282032   0.87963958  -0.17497119  -0.43379024  -0.08628624
  0.36955181  -0.15307337   1.09282032   0.97868534  -0.19467262  -0.06414643  -0.01275952
