288
  0.50000000   0.00000000   0.10000000  -0.70710678   0.00000000   0.70710678   0.00000000
  0.50000000   0.00000000   0.10000000  -0.55557023   0.00000000   0.83146961   0.00000000
  0.50000000   0.00000000   0.10000000  -0.83146961   0.00000000   0.55557023   0.00000000
  0.46193977   0.19134172   0.10000000  -0.69351992  -0.13794969   0.69351992  -0.13794969
  0.46193977   0.19134172   0.10000000  -0.54489511  -0.10838638   0.81549316  -0.16221167
  0.46193977   0.19134172   0.10000000  -0.81549316  -0.16221167   0.54489511  -0.10838638
  0.35355339   0.35355339   0.10000000  -0.65328148  -0.27059805   0.65328148  -0.27059805
  0.35355339   0.35355339   0.10000000  -0.51327997  -0.21260752   0.76817776  -0.31818965
  0.35355339   0.35355339   0.10000000  -0.76817776  -0.31818965   0.51327997  -0.21260752
  0.19134172   0.46193977   0.10000000  -0.58793780  -0.39284748   0.58793780  -0.39284748
  0.19134172   0.46193977   0.10000000  -0.46193977  -0.30865828   0.69134172  -0.46193977
  0.19134172   0.46193977   0.10000000  -0.69134172  -0.46193977   0.46193977  -0.30865828
  0.00000000   0.50000000   0.10000000  -0.50000000  -0.50000000   0.50000000  -0.50000000
  0.00000000   0.50000000   0.10000000  -0.39284748  -0.39284748   0.58793780  -0.58793780
  0.00000000   0.50000000   0.10000000  -0.58793780  -0.58793780   0.39284748  -0.39284748
 -0.19134172   0.46193977   0.10000000  -0.39284748  -0.58793780   0.39284748  -0.58793780
 -0.19134172   0.46193977   0.10000000  -0.30865828  -0.46193977   0.46193977  -0.69134172
 -0.19134172   0.46193977   0.10000000  -0.46193977  -0.69134172   0.30865828  -0.46193977
 -0.35355339   0.35355339   0.10000000  -0.27059805  -0.65328148   0.27059805  -0.65328148
 -0.35355339   0.35355339   0.10000000  -0.21260752  -0.51327997   0.31818965  -0.76817776
 -0.35355339   0.35355339   0.10000000  -0.31818965  -0.76817776   0.21260752  -0.51327997
 -0.46193977   0.19134172   0.10000000  -0.13794969  -0.69351992   0.13794969  -0.69351992
 -0.46193977   0.19134172   0.10000000  -0.10838638  -0.54489511   0.16221167  -0.81549316
 -0.46193977   0.19134172   0.10000000  -0.16221167  -0.81549316   0.10838638  -0.54489511
 -0.50000000   0.00000000   0.10000000  -0.00000000  -0.70710678   0.00000000  -0.70710678
 -0.50000000   0.00000000   0.10000000  -0.00000000  -0.55557023   0.00000000  -0.83146961
 -0.50000000   0.00000000   0.10000000  -0.00000000  -0.83146961   0.00000000  -0.55557023
 -0.46193977  -0.19134172   0.10000000   0.13794969  -0.69351992  -0.13794969  -0.69351992
 -0.46193977  -0.19134172   0.10000000   0.10838638  -0.54489511  -0.16221167  -0.81549316
 -0.46193977  -0.19134172   0.10000000   0.16221167  -0.81549316  -0.10838638  -0.54489511
 -0.35355339  -0.35355339   0.10000000   0.27059805  -0.65328148  -0.27059805  -0.65328148
 -0.35355339  -0.35355339   0.10000000   0.21260752  -0.51327997  -0.31818965  -0.76817776
 -0.35355339  -0.35355339   0.10000000   0.31818965  -0.76817776  -0.21260752  -0.51327997
 -0.19134172  -0.46193977   0.10000000   0.39284748  -0.58793780  -0.39284748  -0.58793780
 -0.19134172  -0.46193977   0.10000000   0.30865828  -0.46193977  -0.46193977  -0.69134172
 -0.19134172  -0.46193977   0.10000000   0.46193977  -0.69134172  -0.30865828  -0.46193977
 -0.00000000  -0.50000000   0.10000000   0.50000000  -0.50000000  -0.50000000  -0.50000000
 -0.00000000  -0.50000000   0.10000000   0.39284748  -0.39284748  -0.58793780  -0.58793780
 -0.00000000  -0.50000000   0.10000000   0.58793780  -0.58793780  -0.39284748  -0.39284748
  0.19134172  -0.46193977   0.10000000   0.58793780  -0.39284748  -0.58793780  -0.39284748
  0.19134172  -0.46193977   0.10000000   0.46193977  -0.30865828  -0.69134172  -0.46193977
  0.19134172  -0.46193977   0.10000000   0.69134172  -0.46193977  -0.46193977  -0.30865828
  0.35355339  -0.35355339   0.10000000   0.65328148  -0.27059805  -0.65328148  -0.27059805
  0.35355339  -0.35355339   0.10000000   0.51327997  -0.21260752  -0.76817776  -0.31818965
  0.35355339  -0.35355339   0.10000000   0.76817776  -0.31818965  -0.51327997  -0.21260752
  0.46193977  -0.19134172   0.10000000   0.69351992  -0.13794969  -0.69351992  -0.13794969
  0.46193977  -0.19134172   0.10000000   0.54489511  -0.10838638  -0.81549316  -0.16221167
  0.46193977  -0.19134172   0.10000000   0.81549316  -0.16221167  -0.54489511  -0.10838638
  0.50000000   0.00000000   0.20000000  -0.70710678   0.00000000   0.70710678   0.00000000
  0.50000000   0.00000000   0.20000000  -0.55557023   0.00000000   0.83146961   0.00000000
  0.50000000   0.00000000   0.20000000  -0.83146961   0.00000000   0.55557023   0.00000000
  0.46193977   0.19134172   0.20000000  -0.69351992  -0.13794969   0.69351992  -0.13794969
  0.46193977   0.19134172   0.20000000  -0.54489511  -0.10838638   0.81549316  -0.16221167
  0.46193977   0.19134172   0.20000000  -0.81549316  -0.16221167   0.54489511  -0.10838638
  0.35355339   0.35355339   0.20000000  -0.65328148  -0.27059805   0.65328148  -0.27059805
  0.35355339   0.35355339   0.20000000  -0.51327997  -0.21260752   0.76817776  -0.31818965
  0.35355339   0.35355339   0.20000000  -0.76817776  -0.31818965   0.51327997  -0.21260752
  0.19134172   0.46193977   0.20000000  -0.58793780  -0.39284748   0.58793780  -0.39284748
  0.19134172   0.46193977   0.20000000  -0.46193977  -0.30865828   0.69134172  -0.46193977
  0.19134172   0.46193977   0.20000000  -0.69134172  -0.46193977   0.46193977  -0.30865828
  0.00000000   0.50000000   0.20000000  -0.50000000  -0.50000000   0.50000000  -0.50000000
  0.00000000   0.50000000   0.20000000  -0.39284748  -0.39284748   0.58793780  -0.58793780
  0.00000000   0.50000000   0.20000000  -0.58793780  -0.58793780   0.39284748  -0.39284748
 -0.19134172   0.46193977   0.20000000  -0.39284748  -0.58793780   0.39284748  -0.58793780
 -0.19134172   0.46193977   0.20000000  -0.30865828  -0.46193977   0.46193977  -0.69134172
 -0.19134172   0.46193977   0.20000000  -0.46193977  -0.69134172   0.30865828  -0.46193977
 -0.35355339   0.35355339   0.20000000  -0.27059805  -0.65328148   0.27059805  -0.65328148
 -0.35355339   0.35355339   0.20000000  -0.21260752  -0.51327997   0.31818965  -0.76817776
 -0.35355339   0.35355339   0.20000000  -0.31818965  -0.76817776   0.21260752  -0.51327997
 -0.46193977   0.19134172   0.20000000  -0.13794969  -0.69351992   0.13794969  -0.69351992
 -0.46193977   0.19134172   0.20000000  -0.10838638  -0.54489511   0.16221167  -0.81549316
 -0.46193977   0.19134172   0.20000000  -0.16221167  -0.81549316   0.10838638  -0.54489511
 -0.50000000   0.00000000   0.20000000  -0.00000000  -0.70710678   0.00000000  -0.70710678
 -0.50000000   0.00000000   0.20000000  -0.00000000  -0.55557023   0.00000000  -0.83146961
 -0.50000000   0.00000000   0.20000000  -0.00000000  -0.83146961   0.00000000  -0.55557023
 -0.46193977  -0.19134172   0.20000000   0.13794969  -0.69351992  -0.13794969  -0.69351992
 -0.46193977  -0.19134172   0.20000000   0.10838638  -0.54489511  -0.16221167  -0.81549316
 -0.46193977  -0.19134172   0.20000000   0.16221167  -0.81549316  -0.10838638  -0.54489511
 -0.35355339  -0.35355339   0.20000000   0.27059805  -0.65328148  -0.27059805  -0.65328148
 -0.35355339  -0.35355339   0.20000000   0.21260752  -0.51327997  -0.31818965  -0.76817776
 -0.35355339  -0.35355339   0.20000000   0.31818965  -0.76817776  -0.21260752  -0.51327997
 -0.19134172  -0.46193977   0.20000000   0.39284748  -0.58793780  -0.39284748  -0.58793780
 -0.19134172  -0.46193977   0.20000000   0.30865828  -0.46193977  -0.46193977  -0.69134172
 -0.19134172  -0.46193977   0.20000000   0.46193977  -0.69134172  -0.30865828  -0.46193977
 -0.00000000  -0.50000000   0.20000000   0.50000000  -0.50000000  -0.50000000  -0.50000000
 -0.00000000  -0.50000000   0.20000000   0.39284748  -0.39284748  -0.58793780  -0.58793780
 -0.00000000  -0.50000000   0.20000000   0.58793780  -0.58793780  -0.39284748  -0.39284748
  0.19134172  -0.46193977   0.20000000   0.58793780  -0.39284748  -0.58793780  -0.39284748
  0.19134172  -0.46193977   0.20000000   0.46193977  -0.30865828  -0.69134172  -0.46193977
  0.19134172  -0.46193977   0.20000000   0.69134172  -0.46193977  -0.46193977  -0.30865828
  0.35355339  -0.35355339   0.20000000   0.65328148  -0.27059805  -0.65328148  -0.27059805
  0.35355339  -0.35355339   0.20000000   0.51327997  -0.21260752  -0.76817776  -0.31818965
  0.35355339  -0.35355339   0.20000000   0.76817776  -0.31818965  -0.51327997  -0.21260752
  0.46193977  -0.19134172   0.20000000   0.69351992  -0.13794969  -0.69351992  -0.13794969
  0.46193977  -0.19134172   0.20000000   0.54489511  -0.10838638  -0.81549316  -0.16221167
  0.46193977  -0.19134172   0.20000000   0.81549316  -0.16221167  -0.54489511  -0.10838638
  0.50000000   0.00000000   0.30000000  -0.70710678   0.00000000   0.70710678   0.00000000
  0.50000000   0.00000000   0.30000000  -0.55557023   0.00000000   0.83146961   0.00000000
  0.50000000   0.00000000   0.30000000  -0.83146961   0.00000000   0.55557023   0.00000000
  0.46193977   0.19134172   0.30000000  -0.69351992  -0.13794969   0.69351992  -0.13794969
  0.46193977   0.19134172   0.30000000  -0.54489511  -0.10838638   0.81549316  -0.16221167
  0.46193977   0.19134172   0.30000000  -0.81549316  -0.16221167   0.54489511  -0.10838638
  0.35355339   0.35355339   0.30000000  -0.65328148  -0.27059805   0.65328148  -0.27059805
  0.35355339   0.35355339   0.30000000  -0.51327997  -0.21260752   0.76817776  -0.31818965
  0.35355339   0.35355339   0.30000000  -0.76817776  -0.31818965   0.51327997  -0.21260752
  0.19134172   0.46193977   0.30000000  -0.58793780  -0.39284748   0.58793780  -0.39284748
  0.19134172   0.46193977   0.30000000  -0.46193977  -0.30865828   0.69134172  -0.46193977
  0.19134172   0.46193977   0.30000000  -0.69134172  -0.46193977   0.46193977  -0.30865828
  0.00000000   0.50000000   0.30000000  -0.50000000  -0.50000000   0.50000000  -0.50000000
  0.00000000   0.50000000   0.30000000  -0.39284748  -0.39284748   0.58793780  -0.58793780
  0.00000000   0.50000000   0.30000000  -0.58793780  -0.58793780   0.39284748  -0.39284748
 -0.19134172   0.46193977   0.30000000  -0.39284748  -0.58793780   0.39284748  -0.58793780
 -0.19134172   0.46193977   0.30000000  -0.30865828  -0.46193977   0.46193977  -0.69134172
 -0.19134172   0.46193977   0.30000000  -0.46193977  -0.69134172   0.30865828  -0.46193977
 -0.35355339   0.35355339   0.30000000  -0.27059805  -0.65328148   0.27059805  -0.65328148
 -0.35355339   0.35355339   0.30000000  -0.21260752  -0.51327997   0.31818965  -0.76817776
 -0.35355339   0.35355339   0.30000000  -0.31818965  -0.76817776   0.21260752  -0.51327997
 -0.46193977   0.19134172   0.30000000  -0.13794969  -0.69351992   0.13794969  -0.69351992
 -0.46193977   0.19134172   0.30000000  -0.10838638  -0.54489511   0.16221167  -0.81549316
 -0.46193977   0.19134172   0.30000000  -0.16221167  -0.81549316   0.10838638  -0.54489511
 -0.50000000   0.00000000   0.30000000  -0.00000000  -0.70710678   0.00000000  -0.70710678
 -0.50000000   0.00000000   0.30000000  -0.00000000  -0.55557023   0.00000000  -0.83146961
 -0.50000000   0.00000000   0.30000000  -0.00000000  -0.83146961   0.00000000  -0.55557023
 -0.46193977  -0.19134172   0.30000000   0.13794969  -0.69351992  -0.13794969  -0.69351992
 -0.46193977  -0.19134172   0.30000000   0.10838638  -0.54489511  -0.16221167  -0.81549316
 -0.46193977  -0.19134172   0.30000000   0.16221167  -0.81549316  -0.10838638  -0.54489511
 -0.35355339  -0.35355339   0.30000000   0.27059805  -0.65328148  -0.27059805  -0.65328148
 -0.35355339  -0.35355339   0.30000000   0.21260752  -0.51327997  -0.31818965  -0.76817776
 -0.35355339  -0.35355339   0.30000000   0.31818965  -0.76817776  -0.21260752  -0.51327997
 -0.19134172  -0.46193977   0.30000000   0.39284748  -0.58793780  -0.39284748  -0.58793780
 -0.19134172  -0.46193977   0.30000000   0.30865828  -0.46193977  -0.46193977  -0.69134172
 -0.19134172  -0.46193977   0.30000000   0.46193977  -0.69134172  -0.30865828  -0.46193977
 -0.00000000  -0.50000000   0.30000000   0.50000000  -0.50000000  -0.50000000  -0.50000000
 -0.00000000  -0.50000000   0.30000000   0.39284748  -0.39284748  -0.58793780  -0.58793780
 -0.00000000  -0.50000000   0.30000000   0.58793780  -0.58793780  -0.39284748  -0.39284748
  0.19134172  -0.46193977   0.30000000   0.58793780  -0.39284748  -0.58793780  -0.39284748
  0.19134172  -0.46193977   0.30000000   0.46193977  -0.30865828  -0.69134172  -0.46193977
  0.19134172  -0.46193977   0.30000000   0.69134172  -0.46193977  -0.46193977  -0.30865828
  0.35355339  -0.35355339   0.30000000   0.65328148  -0.27059805  -0.65328148  -0.27059805
  0.35355339  -0.35355339   0.30000000   0.51327997  -0.21260752  -0.76817776  -0.31818965
  0.35355339  -0.35355339   0.30000000   0.76817776  -0.31818965  -0.51327997  -0.21260752
  0.46193977  -0.19134172   0.30000000   0.69351992  -0.13794969  -0.69351992  -0.13794969
  0.46193977  -0.19134172   0.30000000   0.54489511  -0.10838638  -0.81549316  -0.16221167
  0.46193977  -0.19134172   0.30000000   0.81549316  -0.16221167  -0.54489511  -0.10838638
  0.50000000   0.00000000   0.40000000  -0.70710678   0.00000000   0.70710678   0.00000000
  0.50000000   0.00000000   0.40000000  -0.55557023   0.00000000   0.83146961   0.00000000
  0.50000000   0.00000000   0.40000000  -0.83146961   0.00000000   0.55557023   0.00000000
  0.43301270   0.00000000   0.65000000  -0.86602540   0.00000000   0.50000000   0.00000000
  0.43301270   0.00000000   0.65000000  -0.75183981   0.00000000   0.65934582   0.00000000
  0.43301270   0.00000000   0.65000000  -0.94693013   0.00000000   0.32143947   0.00000000
  0.25000000   0.00000000   0.83301270  -0.96592583   0.00000000   0.25881905   0.00000000
  0.25000000   0.00000000   0.83301270  -0.89687274   0.00000000   0.44228869   0.00000000
  0.25000000   0.00000000   0.83301270  -0.99785892   0.00000000   0.06540313   0.00000000
  0.46193977   0.19134172   0.40000000  -0.69351992  -0.13794969   0.69351992  -0.13794969
  0.46193977   0.19134172   0.40000000  -0.54489511  -0.10838638   0.81549316  -0.16221167
  0.46193977   0.19134172   0.40000000  -0.81549316  -0.16221167   0.54489511  -0.10838638
  0.40005157   0.16570679   0.65000000  -0.84938497  -0.16895317   0.49039264  -0.09754516
  0.40005157   0.16570679   0.65000000  -0.73739342  -0.14667667   0.64667667  -0.12863199
  0.40005157   0.16570679   0.65000000  -0.92873513  -0.18473690   0.31526310  -0.06270973
  0.23096988   0.09567086   0.83301270  -0.94736583  -0.18844278   0.25384591  -0.05049309
  0.23096988   0.09567086   0.83301270  -0.87963958  -0.17497119   0.43379024  -0.08628624
  0.23096988   0.09567086   0.83301270  -0.97868534  -0.19467262   0.06414643  -0.01275952
  0.35355339   0.35355339   0.40000000  -0.65328148  -0.27059805   0.65328148  -0.27059805
  0.35355339   0.35355339   0.40000000  -0.51327997  -0.21260752   0.76817776  -0.31818965
  0.35355339   0.35355339   0.40000000  -0.76817776  -0.31818965   0.51327997  -0.21260752
  0.30618622   0.30618622   0.65000000  -0.80010315  -0.33141357   0.46193977  -0.19134172
  0.30618622   0.30618622   0.65000000  -0.69460941  -0.28771664   0.60915610  -0.25232072
  0.30618622   0.30618622   0.65000000  -0.87484937  -0.36237447   0.29697134  -0.12300956
  0.17677670   0.17677670   0.83301270  -0.89239910  -0.36964381   0.23911762  -0.09904576
  0.17677670   0.17677670   0.83301270  -0.82860237  -0.34321834   0.40862147  -0.16925655
  0.17677670   0.17677670   0.83301270  -0.92190144  -0.38186408   0.06042461  -0.02502869
  0.19134172   0.46193977   0.40000000  -0.58793780  -0.39284748   0.58793780  -0.39284748
  0.19134172   0.46193977   0.40000000  -0.46193977  -0.30865828   0.69134172  -0.46193977
  0.19134172   0.46193977   0.40000000  -0.69134172  -0.46193977   0.46193977  -0.30865828
  0.16570679   0.40005157   0.65000000  -0.72007381  -0.48113794   0.41573481  -0.27778512
  0.16570679   0.40005157   0.65000000  -0.62513195  -0.41769982   0.54822601  -0.36631291
  0.16570679   0.40005157   0.65000000  -0.78734363  -0.52608619   0.26726715  -0.17858220
  0.09567086   0.23096988   0.83301270  -0.80313797  -0.53663964   0.21520017  -0.14379216
  0.09567086   0.23096988   0.83301270  -0.74572243  -0.49827580   0.36774961  -0.24572243
  0.09567086   0.23096988   0.83301270  -0.82968937  -0.55438071   0.05438071  -0.03633603
  0.00000000   0.50000000   0.40000000  -0.50000000  -0.50000000   0.50000000  -0.50000000
  0.00000000   0.50000000   0.40000000  -0.39284748  -0.39284748   0.58793780  -0.58793780
  0.00000000   0.50000000   0.40000000  -0.58793780  -0.58793780   0.39284748  -0.39284748
  0.00000000   0.43301270   0.65000000  -0.61237244  -0.61237244   0.35355339  -0.35355339
  0.00000000   0.43301270   0.65000000  -0.53163103  -0.53163103   0.46622790  -0.46622790
  0.00000000   0.43301270   0.65000000  -0.66958072  -0.66958072   0.22729203  -0.22729203
  0.00000000   0.25000000   0.83301270  -0.68301270  -0.68301270   0.18301270  -0.18301270
  0.00000000   0.25000000   0.83301270  -0.63418480  -0.63418480   0.31274533  -0.31274533
  0.00000000   0.25000000   0.83301270  -0.70559281  -0.70559281   0.04624700  -0.04624700
 -0.19134172   0.46193977   0.40000000  -0.39284748  -0.58793780   0.39284748  -0.58793780
 -0.19134172   0.46193977   0.40000000  -0.30865828  -0.46193977   0.46193977  -0.69134172
 -0.19134172   0.46193977   0.40000000  -0.46193977  -0.69134172   0.30865828  -0.46193977
 -0.16570679   0.40005157   0.65000000  -0.48113794  -0.72007381   0.27778512  -0.41573481
 -0.16570679   0.40005157   0.65000000  -0.41769982  -0.62513195   0.36631291  -0.54822601
 -0.16570679   0.40005157   0.65000000  -0.52608619  -0.78734363   0.17858220  -0.26726715
 -0.09567086   0.23096988   0.83301270  -0.53663964  -0.80313797   0.14379216  -0.21520017
 -0.09567086   0.23096988   0.83301270  -0.49827580  -0.74572243   0.24572243  -0.36774961
 -0.09567086   0.23096988   0.83301270  -0.55438071  -0.82968937   0.03633603  -0.05438071
 -0.35355339   0.35355339   0.40000000  -0.27059805  -0.65328148   0.27059805  -0.65328148
 -0.35355339   0.35355339   0.40000000  -0.21260752  -0.51327997   0.31818965  -0.76817776
 -0.35355339   0.35355339   0.40000000  -0.31818965  -0.76817776   0.21260752  -0.51327997
 -0.30618622   0.30618622   0.65000000  -0.33141357  -0.80010315   0.19134172  -0.46193977
 -0.30618622   0.30618622   0.65000000  -0.28771664  -0.69460941   0.25232072  -0.60915610
 -0.30618622   0.30618622   0.65000000  -0.36237447  -0.87484937   0.12300956  -0.29697134
 -0.17677670   0.17677670   0.83301270  -0.36964381  -0.89239910   0.09904576  -0.23911762
 -0.17677670   0.17677670   0.83301270  -0.34321834  -0.82860237   0.16925655  -0.40862147
 -0.17677670   0.17677670   0.83301270  -0.38186408  -0.92190144   0.02502869  -0.06042461
 -0.46193977   0.19134172   0.40000000  -0.13794969  -0.69351992   0.13794969  -0.69351992
 -0.46193977   0.19134172   0.40000000  -0.10838638  -0.54489511   0.16221167  -0.81549316
 -0.46193977   0.19134172   0.40000000  -0.16221167  -0.81549316   0.10838638  -0.54489511
 -0.40005157   0.16570679   0.65000000  -0.16895317  -0.84938497   0.09754516  -0.49039264
 -0.40005157   0.16570679   0.65000000  -0.14667667  -0.73739342   0.12863199  -0.64667667
 -0.40005157   0.16570679   0.65000000  -0.18473690  -0.92873513   0.06270973  -0.31526310
 -0.23096988   0.09567086   0.83301270  -0.18844278  -0.94736583   0.05049309  -0.25384591
 -0.23096988   0.09567086   0.83301270  -0.17497119  -0.87963958   0.08628624  -0.43379024
 -0.23096988   0.09567086   0.83301270  -0.19467262  -0.97868534   0.01275952  -0.06414643
 -0.50000000   0.00000000   0.40000000  -0.00000000  -0.70710678   0.00000000  -0.70710678
 -0.50000000   0.00000000   0.40000000  -0.00000000  -0.55557023   0.00000000  -0.83146961
 -0.50000000   0.00000000   0.40000000  -0.00000000  -0.83146961   0.00000000  -0.55557023
 -0.43301270   0.00000000   0.65000000  -0.00000000  -0.86602540   0.00000000  -0.50000000
 -0.43301270   0.00000000   0.65000000  -0.00000000  -0.75183981   0.00000000  -0.65934582
 -0.43301270   0.00000000   0.65000000  -0.00000000  -0.94693013   0.00000000  -0.32143947
 -0.25000000   0.00000000   0.83301270  -0.00000000  -0.96592583   0.00000000  -0.25881905
 -0.25000000   0.00000000   0.83301270  -0.00000000  -0.89687274   0.00000000  -0.44228869
 -0.25000000   0.00000000   0.83301270  -0.00000000  -0.99785892   0.00000000  -0.06540313
 -0.46193977  -0.19134172   0.40000000   0.13794969  -0.69351992  -0.13794969  -0.69351992
 -0.46193977  -0.19134172   0.40000000   0.10838638  -0.54489511  -0.16221167  -0.81549316
 -0.46193977  -0.19134172   0.40000000   0.16221167  -0.81549316  -0.10838638  -0.54489511
 -0.40005157  -0.16570679   0.65000000   0.16895317  -0.84938497  -0.09754516  -0.49039264
 -0.40005157  -0.16570679   0.65000000   0.14667667  -0.73739342  -0.12863199  -0.64667667
 -0.40005157  -0.16570679   0.65000000   0.18473690  -0.92873513  -0.06270973  -0.31526310
 -0.23096988  -0.09567086   0.83301270   0.18844278  -0.94736583  -0.05049309  -0.25384591
 -0.23096988  -0.09567086   0.83301270   0.17497119  -0.87963958  -0.08628624  -0.43379024
 -0.23096988  -0.09567086   0.83301270   0.19467262  -0.97868534  -0.01275952  -0.06414643
 -0.35355339  -0.35355339   0.40000000   0.27059805  -0.65328148  -0.27059805  -0.65328148
 -0.35355339  -0.35355339   0.40000000   0.21260752  -0.51327997  -0.31818965  -0.76817776
 -0.35355339  -0.35355339   0.40000000   0.31818965  -0.76817776  -0.21260752  -0.51327997
 -0.30618622  -0.30618622   0.65000000   0.33141357  -0.80010315  -0.19134172  -0.46193977
 -0.30618622  -0.30618622   0.65000000   0.28771664  -0.69460941  -0.25232072  -0.60915610
 -0.30618622  -0.30618622   0.65000000   0.36237447  -0.87484937  -0.12300956  -0.29697134
 -0.17677670  -0.17677670   0.83301270   0.36964381  -0.89239910  -0.09904576  -0.23911762
 -0.17677670  -0.17677670   0.83301270   0.34321834  -0.82860237  -0.16925655  -0.40862147
 -0.17677670  -0.17677670   0.83301270   0.38186408  -0.92190144  -0.02502869  -0.06042461
 -0.19134172  -0.46193977   0.40000000   0.39284748  -0.58793780  -0.39284748  -0.58793780
 -0.19134172  -0.46193977   0.40000000   0.30865828  -0.46193977  -0.46193977  -0.69134172
 -0.19134172  -0.46193977   0.40000000   0.46193977  -0.69134172  -0.30865828  -0.46193977
 -0.16570679  -0.40005157   0.65000000   0.48113794  -0.72007381  -0.27778512  -0.41573481
 -0.16570679  -0.40005157   0.65000000   0.41769982  -0.62513195  -0.36631291  -0.54822601
 -0.16570679  -0.40005157   0.65000000   0.52608619  -0.78734363  -0.17858220  -0.26726715
 -0.09567086  -0.23096988   0.83301270   0.53663964  -0.80313797  -0.14379216  -0.21520017
 -0.09567086  -0.23096988   0.83301270   0.49827580  -0.74572243  -0.24572243  -0.36774961
 -0.09567086  -0.23096988   0.83301270   0.55438071  -0.82968937  -0.03633603  -0.05438071
 -0.00000000  -0.50000000   0.40000000   0.50000000  -0.50000000  -0.50000000  -0.50000000
 -0.00000000  -0.50000000   0.40000000   0.39284748  -0.39284748  -0.58793780  -0.58793780
 -0.00000000  -0.50000000   0.40000000   0.58793780  -0.58793780  -0.39284748  -0.39284748
 -0.00000000  -0.43301270   0.65000000   0.61237244  -0.61237244  -0.35355339  -0.35355339
 -0.00000000  -0.43301270   0.65000000   0.53163103  -0.53163103  -0.46622790  -0.46622790
 -0.00000000  -0.43301270   0.65000000   0.66958072  -0.66958072  -0.22729203  -0.22729203
 -0.00000000  -0.25000000   0.83301270   0.68301270  -0.68301270  -0.18301270  -0.18301270
 -0.00000000  -0.25000000   0.83301270   0.63418480  -0.63418480  -0.31274533  -0.31274533
 -0.00000000  -0.25000000   0.83301270   0.70559281  -0.70559281  -0.04624700  -0.04624700
  0.19134172  -0.46193977   0.40000000   0.58793780  -0.39284748  -0.58793780  -0.39284748
  0.19134172  -0.46193977   0.40000000   0.46193977  -0.30865828  -0.69134172  -0.46193977
  0.19134172  -0.46193977   0.40000000   0.69134172  -0.46193977  -0.46193977  -0.30865828
  0.16570679  -0.40005157   0.65000000   0.72007381  -0.48113794  -0.41573481  -0.27778512
  0.16570679  -0.40005157   0.65000000   0.62513195  -0.41769982  -0.54822601  -0.36631291
  0.16570679  -0.40005157   0.65000000   0.78734363  -0.52608619  -0.26726715  -0.17858220
  0.09567086  -0.23096988   0.83301270   0.80313797  -0.53663964  -0.21520017  -0.14379216
  0.09567086  -0.23096988   0.83301270   0.74572243  -0.49827580  -0.36774961  -0.24572243
  0.09567086  -0.23096988   0.83301270   0.82968937  -0.55438071  -0.05438071  -0.03633603
  0.35355339  -0.35355339   0.40000000   0.65328148  -0.27059805  -0.65328148  -0.27059805
  0.35355339  -0.35355339   0.40000000   0.51327997  -0.21260752  -0.76817776  -0.31818965
  0.35355339  -0.35355339   0.40000000   0.76817776  -0.31818965  -0.51327997  -0.21260752
  0.30618622  -0.30618622   0.65000000   0.80010315  -0.33141357  -0.46193977  -0.19134172
  0.30618622  -0.30618622   0.65000000   0.69460941  -0.28771664  -0.60915610  -0.25232072
  0.30618622  -0.30618622   0.65000000   0.87484937  -0.36237447  -0.29697134  -0.12300956
  0.17677670  -0.17677670   0.83301270   0.89239910  -0.36964381  -0.23911762  -0.09904576
  0.17677670  -0.17677670   0.83301270   0.82860237  -0.34321834  -0.40862147  -0.16925655
  0.17677670  -0.17677670   0.83301270   0.92190144  -0.38186408  -0.06042461  -0.02502869
  0.46193977  -0.19134172   0.40000000   0.69351992  -0.13794969  -0.69351992  -0.13794969
  0.46193977  -0.19134172   0.40000000   0.54489511  -0.10838638  -0.81549316  -0.16221167
  0.46193977  -0.19134172   0.40000000   0.81549316  -0.16221167  -0.54489511  -0.10838638
  0.40005157  -0.16570679   0.65000000   0.84938497  -0.16895317  -0.49039264  -0.09754516
  0.40005157  -0.16570679   0.65000000   0.73739342  -0.14667667  -0.64667667  -0.12863199
  0.40005157  -0.16570679   0.65000000   0.92873513  -0.18473690  -0.31526310  -0.06270973
  0.23096988  -0.09567086   0.83301270   0.94736583  -0.18844278  -0.25384591  -0.05049309
  0.23096988  -0.09567086   0.83301270   0.87963958  -0.17497119  -0.43379024  -0.08628624
  0.23096988  -0.09567086   0.83301270   0.97868534  -0.19467262  -0.06414643  -0.01275952
