48
  0.60000000   0.00000000   0.15000000  -0.70710678   0.00000000   0.70710678   0.00000000
  0.55432772   0.22961006   0.15000000  -0.69351992  -0.13794969   0.69351992  -0.13794969
  0.42426407   0.42426407   0.15000000  -0.65328148  -0.27059805   0.65328148  -0.27059805
  0.22961006   0.55432772   0.15000000  -0.58793780  -0.39284748   0.58793780  -0.39284748
  0.00000000   0.60000000   0.15000000  -0.50000000  -0.50000000   0.50000000  -0.50000000
 -0.22961006   0.55432772   0.15000000  -0.39284748  -0.58793780   0.39284748  -0.58793780
 -0.42426407   0.42426407   0.15000000  -0.27059805  -0.65328148   0.27059805  -0.65328148
 -0.55432772   0.22961006   0.15000000  -0.13794969  -0.69351992   0.13794969  -0.69351992
 -0.60000000   0.00000000   0.15000000  -0.00000000  -0.70710678   0.00000000  -0.70710678
 -0.55432772  -0.22961006   0.15000000   0.13794969  -0.69351992  -0.13794969  -0.69351992
 -0.42426407  -0.42426407   0.15000000   0.27059805  -0.65328148  -0.27059805  -0.65328148
 -0.22961006  -0.55432772   0.15000000   0.39284748  -0.58793780  -0.39284748  -0.58793780
 -0.00000000  -0.60000000   0.15000000   0.50000000  -0.50000000  -0.50000000  -0.50000000
  0.22961006  -0.55432772   0.15000000   0.58793780  -0.39284748  -0.58793780  -0.39284748
  0.42426407  -0.42426407   0.15000000   0.65328148  -0.27059805  -0.65328148  -0.27059805
  0.55432772  -0.22961006   0.15000000   0.69351992  -0.13794969  -0.69351992  -0.13794969
  0.60000000   0.00000000   0.35000000  -0.70710678   0.00000000   0.70710678   0.00000000
  0.42426407   0.00000000   0.77426407  -0.92387953   0.00000000   0.38268343   0.00000000
  0.55432772   0.22961006   0.35000000  -0.69351992  -0.13794969   0.69351992  -0.13794969
  0.39196889   0.16235883   0.77426407  -0.90612745  -0.18023996   0.37533028  -0.07465783
  0.42426407   0.42426407   0.35000000  -0.65328148  -0.27059805   0.65328148  -0.27059805
  0.30000000   0.30000000   0.77426407  -0.85355339  -0.35355339   0.35355339  -0.14644661
  0.22961006   0.55432772   0.35000000  -0.58793780  -0.39284748   0.58793780  -0.39284748
  0.16235883   0.39196889   0.77426407  -0.76817776  -0.51327997   0.31818965  -0.21260752
  0.00000000   0.60000000   0.35000000  -0.50000000  -0.50000000   0.50000000  -0.50000000
  0.00000000   0.42426407   0.77426407  -0.65328148  -0.65328148   0.27059805  -0.27059805
 -0.22961006   0.55432772   0.35000000  -0.39284748  -0.58793780   0.39284748  -0.58793780
 -0.16235883   0.39196889   0.77426407  -0.51327997  -0.76817776   0.21260752  -0.31818965
 -0.42426407   0.42426407   0.35000000  -0.27059805  -0.65328148   0.27059805  -0.65328148
 -0.30000000   0.30000000   0.77426407  -0.35355339  -0.85355339   0.14644661  -0.35355339
 -0.55432772   0.22961006   0.35000000  -0.13794969  -0.69351992   0.13794969  -0.69351992
 -0.39196889   0.16235883   0.77426407  -0.18023996  -0.90612745   0.07465783  -0.37533028
 -0.60000000   0.00000000   0.35000000  -0.00000000  -0.70710678   0.00000000  -0.70710678
 -0.42426407   0.00000000   0.77426407  -0.00000000  -0.92387953   0.00000000  -0.38268343
 -0.55432772  -0.22961006   0.35000000   0.13794969  -0.69351992  -0.13794969  -0.69351992
 -0.39196889  -0.16235883   0.77426407   0.18023996  -0.90612745  -0.07465783  -0.37533028
 -0.42426407  -0.42426407   0.35000000   0.27059805  -0.65328148  -0.27059805  -0.65328148
 -0.30000000  -0.30000000   0.77426407   0.35355339  -0.85355339  -0.14644661  -0.35355339
 -0.22961006  -0.55432772   0.35000000   0.39284748  -0.58793780  -0.39284748  -0.58793780
 -0.16235883  -0.39196889   0.77426407   0.51327997  -0.76817776  -0.21260752  -0.31818965
 -0.00000000  -0.60000000   0.35000000   0.50000000  -0.50000000  -0.50000000  -0.50000000
 -0.00000000  -0.42426407   0.77426407   0.65328148  -0.65328148  -0.27059805  -0.27059805
  0.22961006  -0.55432772   0.35000000   0.58793780  -0.39284748  -0.58793780  -0.39284748
  0.16235883  -0.39196889   0.77426407   0.76817776  -0.51327997  -0.31818965  -0.21260752
  0.42426407  -0.42426407   0.35000000   0.65328148  -0.27059805  -0.65328148  -0.27059805
  0.30000000  -0.30000000   0.77426407   0.85355339  -0.35355339  -0.35355339  -0.14644661
  0.55432772  -0.22961006   0.35000000   0.69351992  -0.13794969  -0.69351992  -0.13794969
  0.39196889  -0.16235883   0.77426407   0.90612745  -0.18023996  -0.37533028  -0.07465783