cost_weight: 0
information_weight: 1
NrOfUnknownVoxels weight: 0
AverageUncertainty weight: 1
AverageEndPointUncertainty weight: 500
UnknownObjectSideFrontier weight: 5
UnknownObjectVolumeFrontier weight: 5
ClassicFrontier weight: 1
EndNodeOccupancySum weight: 1
TotalOccupancyCertainty weight: 0
TotalNrOfOccupieds weight: 0
time pos_x pos_y pos_z rot_x rot_y rot_z rot_w return_value winning_margin return_value_mean return_value_stddev cost NrOfUnknownVoxels AverageUncertainty AverageEndPointUncertainty UnknownObjectSideFrontier UnknownObjectVolumeFrontier ClassicFrontier EndNodeOccupancySum TotalOccupancyCertainty TotalNrOfOccupieds base_distance_cost arm_distance_cost energy_cost
2057.25 0.0719681 0.782253 0.103551 0.552402 -0.192171 -0.164238 0.794322 284205 42094.6 37277.1 67188.3 1.02354 56701 0.998736 0.735968 255 56480 1 159.9 6916.7 12329 0.859755 0.65514 8
2120.91 -0.263476 0.687584 0.442019 0.399987 0.583312 -0.431421 0.56003 160253 4158.72 29189.1 38629.2 0.402636 53104 0.886124 0.820321 263 31494 836 220.6 9022.5 16005 0.219393 0.732972 8
2185.34 0.505519 -0.61555 0.102341 -0.0563646 0.696378 0.700523 -0.145421 84196.9 6666.69 26981.9 19730.1 1.00156 64790 0.916586 0.89103 194 16429 463 172.445 16162.6 29144 0.877572 0.495936 7
2271.74 -0.672501 0.29989 0.442019 0.146316 0.691979 -0.184267 0.682497 81872.7 1158.58 22957.1 22614.3 1.27871 20398 0.623015 0.83988 304 15716 1112 240.145 20293.3 36718 1.09697 0.726972 7
2363.72 0.29989 0.672501 0.442019 -0.592764 -0.385842 0.612895 -0.352302 52006.3 479.854 12374.4 11258.8 0.438786 74730 0.843893 0.916258 123 9858 1308 334.334 24787.8 44892 0.438786 0 4
2457.14 0.295257 0.661386 0.441952 -0.533455 -0.472994 0.548362 -0.437038 28326.8 5166.4 10043.9 6587.56 0.0015 29872 0.678111 0.885112 105 5118 1535 233.569 28343.3 51294 0 0.006 1
2536.34 0.687584 0.263476 0.442019 -0.695298 -0.12963 0.701061 -0.0909401 21539.7 185.694 9293.11 5758.06 0.220893 10903 0.529097 0.94485 105 3861 906 330.79 29446.4 52843 0.219393 0.006 5