
time pos_x pos_y pos_z rot_x rot_y rot_z rot_w return_value winning_margin return_value_mean return_value_stddev cost NrOfUnknownVoxels AverageUncertainty AverageEndPointUncertainty UnknownObjectSideFrontier UnknownObjectVolumeFrontier ClassicFrontier EndNodeOccupancySum TotalOccupancyCertainty TotalNrOfOccupieds TotalNrOfNodes base_distance_cost arm_distance_cost energy_cost
3414.57 0.784615 0.391029 0.103551 0.399744 -0.426945 -0.514679 0.626919 -0.489795 0 0 0 0.489795 10850 0.35042 0.665081 110 5455 372 248.295 38560.5 61506 2.73192e+06 0.219393 1.08161 8
3414.57 0.796541 0.392165 0.102341 0.489039 -0.498959 -0.445141 0.560116 -0.488295 0 0 0 0.488295 39542 0.485683 0.784447 192 6942 1093 495.946 38560.5 61506 2.73192e+06 0.219393 1.07561 7
3414.57 0.85735 -0.282023 0.177665 0.612024 0.523389 -0.526038 -0.27345 -0.220893 0 0 0 0.220893 13100 0.443528 0.851666 176 1190 1976 344.5 38560.5 61506 2.73192e+06 0.219393 0.006 5
3414.57 0.869214 -0.280303 0.178803 -0.564268 -0.438954 0.598258 0.36195 -0.219393 0 0 0 0.219393 4019 0.333427 0.782043 59 701 772 283.784 38560.5 61506 2.73192e+06 0.219393 0 4
3414.57 0.811895 0.138595 0.441952 0.692193 0.170782 -0.688676 0.132017 -0.426408 0 0 0 0.426408 1547 0.339994 0.746977 41 614 373 213.014 38560.5 61506 2.73192e+06 0.219393 0.828059 8
3414.57 0.823674 0.141092 0.442019 -0.704188 -0.0660472 0.706419 -0.0269939 -0.424908 0 0 0 0.424908 7389 0.38789 0.732768 45 1544 452 352.924 38560.5 61506 2.73192e+06 0.219393 0.822059 7
3414.57 0.278308 0.831305 0.103551 0.5327 -0.241471 -0.23559 0.776157 -0.709188 0 0 0 0.709188 25730 0.504474 0.542846 321 20796 973 251.359 38560.5 61506 2.73192e+06 0.438786 1.08161 8
3414.57 0.285937 0.840543 0.102341 0.642757 -0.273831 -0.19691 0.687828 -0.707688 0 0 0 0.707688 33691 0.478219 0.71985 408 17487 3054 461.494 38560.5 61506 2.73192e+06 0.438786 1.07561 7
3414.57 0.805659 0.406817 0.177665 0.365144 0.71776 -0.590641 -0.0513285 -0.440286 0 0 0 0.440286 18764 0.460055 0.888526 158 2182 2140 322.328 38560.5 61506 2.73192e+06 0.438786 0.006 5
3414.57 0.812831 0.416423 0.178803 -0.353336 -0.621477 0.691231 0.105455 -0.438786 0 0 0 0.438786 5476 0.346319 0.826032 57 860 1049 274.122 38560.5 61506 2.73192e+06 0.438786 0 4
3414.57 0.476095 0.672098 0.441952 -0.574148 -0.422672 0.585733 -0.385512 -0.645801 0 0 0 0.645801 11580 0.369388 0.763714 98 3814 287 243.548 38560.5 61506 2.73192e+06 0.438786 0.828059 8
3414.57 0.482658 0.682193 0.442019 -0.62531 -0.330501 0.642316 -0.295274 -0.644301 0 0 0 0.644301 35258 0.455549 0.684309 315 19067 755 373.656 38560.5 61506 2.73192e+06 0.438786 0.822059 7
3414.57 -0.391029 0.784615 0.103551 0.584558 -0.0192341 0.0793654 0.807232 -0.928582 0 0 0 0.928582 10978 0.409658 0.579517 91 4834 484 178.271 38560.5 61506 2.73192e+06 0.658179 1.08161 8
3414.57 -0.392165 0.796541 0.102341 0.69862 -0.00701452 0.0812994 0.710824 -0.927082 0 0 0 0.927082 29662 0.46998 0.755112 198 9810 1469 446.292 38560.5 61506 2.73192e+06 0.658179 1.07561 7
3414.57 0.282023 0.85735 0.177665 0.062674 0.802858 -0.565323 0.178607 -0.659679 0 0 0 0.659679 11636 0.394111 0.863378 112 862 1819 379.632 38560.5 61506 2.73192e+06 0.658179 0.006 5
3414.57 0.280303 0.869214 0.178803 0.0886107 0.709385 -0.67897 0.167095 -0.658179 0 0 0 0.658179 10594 0.363464 0.792693 174 7028 961 298.809 38560.5 61506 2.73192e+06 0.658179 0 4
3414.57 -0.138595 0.811895 0.441952 0.368694 0.610215 -0.393617 0.580317 -0.865194 0 0 0 0.865194 35966 0.472661 0.693779 364 22175 965 365.742 38560.5 61506 2.73192e+06 0.658179 0.828059 8
3414.57 -0.141092 0.823674 0.442019 0.451234 0.544639 -0.480426 0.518602 -0.863694 0 0 0 0.863694 38511 0.500296 0.634259 420 24078 925 380.359 38560.5 61506 2.73192e+06 0.658179 0.822059 7
3414.57 -0.831305 0.278308 0.103551 0.547421 0.205931 0.382238 0.715413 -1.14797 0 0 0 1.14797 285 0.291961 0.506719 5 147 69 129.915 38560.5 61506 2.73192e+06 0.877572 1.08161 8
3414.57 -0.840543 0.285937 0.102341 0.648125 0.26087 0.347131 0.625604 -1.14647 0 0 0 1.14647 7066 0.369622 0.726986 80 886 1158 415.639 38560.5 61506 2.73192e+06 0.877572 1.07561 7
3414.57 -0.406817 0.805659 0.177665 -0.249337 0.765728 -0.453941 0.381351 -0.879072 0 0 0 0.879072 14918 0.427457 0.860241 131 2212 2586 358.454 38560.5 61506 2.73192e+06 0.877572 0.006 5
3414.57 -0.416423 0.812831 0.178803 -0.189604 0.689297 -0.563342 0.414206 -0.877572 0 0 0 0.877572 16626 0.38598 0.765918 220 10905 1263 335.67 38560.5 61506 2.73192e+06 0.877572 0 4
3414.57 -0.672098 0.476095 0.441952 0.107109 0.704858 -0.141577 0.686774 -1.08459 0 0 0 1.08459 11622 0.327378 0.669101 195 9536 477 358.677 38560.5 61506 2.73192e+06 0.877572 0.828059 8
3414.57 -0.682193 0.482658 0.442019 0.208461 0.67586 -0.245396 0.662977 -1.08309 0 0 0 1.08309 9555 0.317034 0.631838 161 8312 287 346.829 38560.5 61506 2.73192e+06 0.877572 0.822059 7