cost_weight: 0
information_weight: 1
NrOfUnknownVoxels weight: 0
AverageUncertainty weight: 1
AverageEndPointUncertainty weight: 500
UnknownObjectSideFrontier weight: 5
UnknownObjectVolumeFrontier weight: 5
ClassicFrontier weight: 1
EndNodeOccupancySum weight: 1
TotalOccupancyCertainty weight: 0
TotalNrOfOccupieds weight: 0

Retrieved for step: 7 (0=first step)
time pos_x pos_y pos_z rot_x rot_y rot_z rot_w return_value winning_margin return_value_mean return_value_stddev cost NrOfUnknownVoxels AverageUncertainty AverageEndPointUncertainty UnknownObjectSideFrontier UnknownObjectVolumeFrontier ClassicFrontier EndNodeOccupancySum TotalOccupancyCertainty TotalNrOfOccupieds base_distance_cost arm_distance_cost energy_cost
2536.34 0.502247 -0.604025 0.103551 -0.0338523 0.583893 0.79671 -0.152237 1618.38 0 0 0 0.782163 3708 0.398951 0.947766 12 132 271 153.1 29446.4 52843 0.658179 0.495936 7
2536.34 -0.1466 -0.797125 0.177665 -0.805234 -0.0103867 0.229134 0.546798 7871.47 0 0 0 0.851996 29814 0.687815 0.935269 93 804 2521 397.145 29446.4 52843 0.658179 0.775266 7
2536.34 -0.142764 -0.808483 0.178803 -0.714498 0.0239192 0.227975 0.66102 5460.38 0 0 0 0.853496 20843 0.666341 0.951856 40 521 1933 245.79 29446.4 52843 0.658179 0.781266 8
2536.34 0.258892 -0.676449 0.441952 0.641134 -0.311841 -0.613619 -0.339373 2588.51 0 0 0 0.658179 3203 0.370745 0.923035 10 233 686 225.624 29446.4 52843 0.658179 0 4
2536.34 0.263476 -0.687584 0.442019 0.583312 -0.399987 -0.56003 -0.431421 2995.52 0 0 0 0.659679 1062 0.321672 0.922939 20 387 251 247.724 29446.4 52843 0.658179 0.006 5
2536.34 0.782253 -0.0719681 0.103551 -0.254722 0.526493 0.677805 -0.445537 9128.15 0 0 0 0.56277 25998 0.622516 0.934959 51 1540 516 189.045 29446.4 52843 0.438786 0.495936 7
2536.34 0.792716 -0.0778039 0.102341 -0.318567 0.6218 0.591549 -0.402431 21176.5 0 0 0 0.56427 52426 0.748677 0.941702 77 3918 487 242.879 29446.4 52843 0.438786 0.501936 8
2536.34 0.459991 -0.667314 0.177665 0.739964 0.317746 -0.420943 -0.41749 9313.24 0 0 0 0.632603 20415 0.561852 0.906085 153 922 3087 397.638 29446.4 52843 0.438786 0.775266 7
2536.34 0.470734 -0.672633 0.178803 -0.669264 -0.251328 0.463583 0.523461 5662.66 0 0 0 0.634103 15950 0.540327 0.931272 80 517 1963 248.479 29446.4 52843 0.438786 0.781266 8
2536.34 0.661386 -0.295257 0.441952 0.711667 -0.042752 -0.696783 -0.0787178 8137.2 0 0 0 0.438786 10747 0.533034 0.952542 43 1269 915 185.4 29446.4 52843 0.438786 0 4
2536.34 0.672501 -0.29989 0.442019 0.691979 -0.146316 -0.682497 -0.184267 10056.3 0 0 0 0.440286 12272 0.522898 0.949248 50 1656 769 282.127 29446.4 52843 0.438786 0.006 5
2536.34 0.604025 0.502247 0.103551 0.436812 -0.388938 -0.455711 0.671007 14400.9 0 0 0 0.343377 12278 0.448233 0.904221 81 2467 964 244.359 29446.4 52843 0.219393 0.495936 7
2536.34 0.61555 0.505519 0.102341 0.53227 -0.452558 -0.392516 0.598173 15382.2 0 0 0 0.344877 33148 0.602309 0.923828 65 2640 1095 299.714 29446.4 52843 0.219393 0.501936 8
2536.34 0.797125 -0.1466 0.177665 0.562042 0.576731 -0.548667 -0.224622 18836.1 0 0 0 0.41321 58484 0.839448 0.905787 99 3350 918 219.39 29446.4 52843 0.219393 0.775266 7
2536.34 0.808483 -0.142764 0.178803 -0.52214 -0.488313 0.628615 0.306209 11408.9 0 0 0 0.41471 50060 0.779629 0.933438 78 1885 903 223.445 29446.4 52843 0.219393 0.781266 8
2536.34 0.676449 0.258892 0.441952 -0.673855 -0.232845 0.673867 -0.193921 13189.1 0 0 0 0.219393 9493 0.533723 0.954011 81 2186 1181 195.6 29446.4 52843 0.219393 0 4
2536.34 0.687584 0.263476 0.442019 -0.695298 -0.12963 0.701061 -0.0909401 21539.7 0 0 0 0.220893 10903 0.529097 0.94485 105 3861 906 330.79 29446.4 52843 0.219393 0.006 5
2536.34 0.0778039 0.792716 0.102341 0.664939 -0.214418 -0.133727 0.70285 21354 0 0 0 0.125484 52889 0.790497 0.915731 57 3881 943 262.393 29446.4 52843 0 0.501936 4
2536.34 0.667314 0.459991 0.177665 0.298554 0.747914 -0.592862 0.00244171 4396.29 0 0 0 0.193816 17087 0.647616 0.911103 33 608 636 99.0897 29446.4 52843 0 0.775266 3
2536.34 0.672633 0.470734 0.178803 -0.295525 -0.650957 0.697945 0.0423402 11961.3 0 0 0 0.195316 17448 0.55175 0.913942 61 2080 631 167.796 29446.4 52843 0 0.781266 4
2536.34 -0.502247 0.604025 0.103551 0.583893 0.0338523 0.152237 0.79671 1893.56 0 0 0 0.343377 3819 0.475732 0.936981 16 174 355 119.59 29446.4 52843 0.219393 0.495936 7
2536.34 -0.505519 0.61555 0.102341 0.696378 0.0563646 0.145421 0.700523 11893.6 0 0 0 0.344877 19031 0.60559 0.944318 95 1840 1417 328.845 29446.4 52843 0.219393 0.501936 8
2536.34 0.1466 0.797125 0.177665 -0.0103867 0.805234 -0.546798 0.229134 6929.48 0 0 0 0.41321 16951 0.725295 0.922843 29 1134 529 123.334 29446.4 52843 0.219393 0.775266 7
2536.34 0.142764 0.808483 0.178803 0.0239192 0.714498 -0.66102 0.227975 4016.08 0 0 0 0.41471 13243 0.608769 0.907345 23 570 440 156.796 29446.4 52843 0.219393 0.781266 8
2536.34 -0.258892 0.676449 0.441952 0.311841 0.641134 -0.339373 0.613619 7132.04 0 0 0 0.219393 19019 0.569738 0.917858 27 952 1474 303.541 29446.4 52843 0.219393 0 4
2536.34 -0.782253 0.0719681 0.103551 0.526493 0.254722 0.445537 0.677805 1845.55 0 0 0 0.56277 3157 0.422904 0.943262 9 157 469 74.5 29446.4 52843 0.438786 0.495936 7
2536.34 -0.792716 0.0778039 0.102341 0.6218 0.318567 0.402431 0.591549 19921.5 0 0 0 0.56427 30346 0.640142 0.942481 115 3219 2447 332.59 29446.4 52843 0.438786 0.501936 8
2536.34 -0.459991 0.667314 0.177665 -0.317746 0.739964 -0.41749 0.420943 9354.34 0 0 0 0.632603 17729 0.835311 0.925 19 1648 470 86 29446.4 52843 0.438786 0.775266 7
2536.34 -0.470734 0.672633 0.178803 -0.251328 0.669264 -0.523461 0.463583 13933.8 0 0 0 0.634103 23247 0.623833 0.922149 44 2456 804 168.145 29446.4 52843 0.438786 0.781266 8
2536.34 -0.661386 0.295257 0.441952 0.042752 0.711667 -0.0787178 0.696783 9326.96 0 0 0 0.438786 5345 0.470789 0.944612 63 1552 509 270.179 29446.4 52843 0.438786 0 4
2536.34 -0.604025 -0.502247 0.103551 0.388938 0.436812 0.671007 0.455711 977.488 0 0 0 1.22095 8734 0.58389 0.951807 0 0 414 87 29446.4 52843 1.09697 0.495936 7
2536.34 -0.61555 -0.505519 0.102341 0.452558 0.53227 0.598173 0.392516 6585.55 0 0 0 1.22245 37220 0.692111 0.956227 50 775 1654 327.745 29446.4 52843 1.09697 0.501936 8
2536.34 -0.797125 0.1466 0.177665 -0.576731 0.562042 -0.224622 0.548667 6319.02 0 0 0 1.29078 4927 0.532932 0.956377 51 914 733 282.3 29446.4 52843 1.09697 0.775266 7
2536.34 -0.808483 0.142764 0.178803 -0.488313 0.52214 -0.306209 0.628615 13480.1 0 0 0 1.29228 4437 0.422448 0.934907 68 2423 341 216.214 29446.4 52843 1.09697 0.781266 8
2536.34 -0.676449 -0.258892 0.441952 -0.232845 0.673855 0.193921 0.673867 6480.53 0 0 0 1.09697 1546 0.394646 0.918904 48 1054 255 255.679 29446.4 52843 1.09697 0 4
2536.34 -0.687584 -0.263476 0.442019 -0.12963 0.695298 0.0909401 0.701061 6013 0 0 0 1.09847 2617 0.412672 0.926098 40 960 302 247.534 29446.4 52843 1.09697 0.006 5
2536.34 -0.0719681 -0.782253 0.103551 0.192171 0.552402 0.794322 0.164238 1879.42 0 0 0 1.00156 11227 0.637866 0.930964 3 87 858 105.3 29446.4 52843 0.877572 0.495936 7
2536.34 -0.0778039 -0.792716 0.102341 0.214418 0.664939 0.70285 0.133727 5430.73 0 0 0 1.00306 38478 0.722633 0.923447 54 372 2532 306.279 29446.4 52843 0.877572 0.501936 8
2536.34 -0.667314 -0.459991 0.177665 -0.747914 0.298554 0.00244171 0.592862 16308.9 0 0 0 1.07139 34970 0.689552 0.946946 135 2344 3138 301.7 29446.4 52843 0.877572 0.775266 7
2536.34 -0.672633 -0.470734 0.178803 -0.650957 0.295525 -0.0423402 0.697945 13227.4 0 0 0 1.07289 38160 0.641905 0.956226 73 1878 2717 276.6 29446.4 52843 0.877572 0.781266 8
2536.34 -0.295257 -0.661386 0.441952 -0.472994 0.533455 0.437038 0.548362 5730.84 0 0 0 0.877572 1279 0.361064 0.917515 28 944 166 245.724 29446.4 52843 0.877572 0 4
2536.34 -0.29989 -0.672501 0.442019 -0.385842 0.592764 0.352302 0.612895 5153.79 0 0 0 0.879072 1326 0.372015 0.925049 21 834 188 227.89 29446.4 52843 0.877572 0.006 5