cost_weight: 0
information_weight: 1
NrOfUnknownVoxels weight: 0
AverageUncertainty weight: 1
AverageEndPointUncertainty weight: 500
UnknownObjectSideFrontier weight: 5
UnknownObjectVolumeFrontier weight: 5
ClassicFrontier weight: 1
EndNodeOccupancySum weight: 1
TotalOccupancyCertainty weight: 0
TotalNrOfOccupieds weight: 0

Retrieved for step: 1 (0=first step)
time pos_x pos_y pos_z rot_x rot_y rot_z rot_w return_value winning_margin return_value_mean return_value_stddev cost NrOfUnknownVoxels AverageUncertainty AverageEndPointUncertainty UnknownObjectSideFrontier UnknownObjectVolumeFrontier ClassicFrontier EndNodeOccupancySum TotalOccupancyCertainty TotalNrOfOccupieds base_distance_cost arm_distance_cost energy_cost
2057.25 0.502247 -0.604025 0.103551 -0.0338523 0.583893 0.79671 -0.152237 1489.87 0 0 0 0.244553 18052 0.858458 0.939623 5 161 133 56.2 6916.7 12329 0.080768 0.65514 8
2057.25 0.505519 -0.61555 0.102341 -0.0563646 0.696378 0.700523 -0.145421 6765.4 0 0 0 0.243053 22345 0.90726 0.938182 7 1221 97 58.4 6916.7 12329 0.080768 0.64914 7
2057.25 -0.1466 -0.797125 0.177665 -0.805234 -0.0103867 0.229134 0.546798 593.2 0 0 0 0.184853 12739 0.939388 0.956522 1 4 65 24 6916.7 12329 0.080768 0.41634 8
2057.25 -0.142764 -0.808483 0.178803 -0.714498 0.0239192 0.227975 0.66102 3002.97 0 0 0 0.183353 25509 0.942794 0.949254 4 472 77 70.4 6916.7 12329 0.080768 0.41034 7
2057.25 0.258892 -0.676449 0.441952 0.641134 -0.311841 -0.613619 -0.339373 1366.28 0 0 0 0.315499 27001 0.770059 0.944615 4 20 636 137.2 6916.7 12329 0.080768 0.938926 8
2057.25 0.263476 -0.687584 0.442019 0.583312 -0.399987 -0.56003 -0.431421 1163.66 0 0 0 0.313999 30823 0.798006 0.936332 7 11 451 153.7 6916.7 12329 0.080768 0.932926 7
2057.25 0.782253 -0.0719681 0.103551 -0.254722 0.526493 0.677805 -0.445537 8870.36 0 0 0 0.504215 12345 0.829895 0.832653 58 1581 201 57.2 6916.7 12329 0.34043 0.65514 8
2057.25 0.792716 -0.0778039 0.102341 -0.318567 0.6218 0.591549 -0.402431 9886.28 0 0 0 0.502715 21722 0.896771 0.914961 33 1805 169 68.9 6916.7 12329 0.34043 0.64914 7
2057.25 0.459991 -0.667314 0.177665 0.739964 0.317746 -0.420943 -0.41749 542.956 0 0 0 0.444515 6805 0.956265 1 0 0 33 9 6916.7 12329 0.34043 0.41634 8
2057.25 0.470734 -0.672633 0.178803 -0.669264 -0.251328 0.463583 0.523461 2648.08 0 0 0 0.443015 25194 0.94627 0.962264 2 400 101 55 6916.7 12329 0.34043 0.41034 7
2057.25 0.661386 -0.295257 0.441952 0.711667 -0.042752 -0.696783 -0.0787178 2668.23 0 0 0 0.575162 16400 0.819579 0.947826 19 360 238 60.5 6916.7 12329 0.34043 0.938926 8
2057.25 0.672501 -0.29989 0.442019 0.691979 -0.146316 -0.682497 -0.184267 4574.46 0 0 0 0.573662 29206 0.828662 0.927072 29 700 368 97.1 6916.7 12329 0.34043 0.932926 7
2057.25 0.604025 0.502247 0.103551 0.436812 -0.388938 -0.455711 0.671007 84576.8 0 0 0 0.763877 24784 0.794245 0.687234 191 16486 724 123.4 6916.7 12329 0.600092 0.65514 8
2057.25 0.61555 0.505519 0.102341 0.53227 -0.452558 -0.392516 0.598173 49025 0 0 0 0.762377 23949 0.816826 0.836364 113 9497 428 128 6916.7 12329 0.600092 0.64914 7
2057.25 0.797125 -0.1466 0.177665 0.562042 0.576731 -0.548667 -0.224622 0 0 0 0 0.704177 0 0 0 0 0 0 0 6916.7 12329 0.600092 0.41634 8
2057.25 0.808483 -0.142764 0.178803 -0.52214 -0.488313 0.628615 0.306209 2042.43 0 0 0 0.702677 3205 0.885777 0.826087 13 302 40 13.5 6916.7 12329 0.600092 0.41034 7
2057.25 0.676449 0.258892 0.441952 -0.673855 -0.232845 0.673867 -0.193921 17550.1 0 0 0 0.834824 4846 0.666049 0.768276 130 3213 361 89.3 6916.7 12329 0.600092 0.938926 8
2057.25 0.687584 0.263476 0.442019 -0.695298 -0.12963 0.701061 -0.0909401 27276.9 0 0 0 0.833324 12393 0.702456 0.76621 172 5064 578 135.1 6916.7 12329 0.600092 0.932926 7
2057.25 0.0719681 0.782253 0.103551 0.552402 -0.192171 -0.164238 0.794322 284205 0 0 0 1.02354 56701 0.998736 0.735968 255 56480 1 159.9 6916.7 12329 0.859755 0.65514 8
2057.25 0.0778039 0.792716 0.102341 0.664939 -0.214418 -0.133727 0.70285 176289 0 0 0 1.02204 46793 0.97022 0.806667 180 34960 41 143.2 6916.7 12329 0.859755 0.64914 7
2057.25 0.667314 0.459991 0.177665 0.298554 0.747914 -0.592862 0.00244171 0 0 0 0 0.96384 0 0 0 0 0 0 0 6916.7 12329 0.859755 0.41634 8
2057.25 0.672633 0.470734 0.178803 -0.295525 -0.650957 0.697945 0.0423402 13607.6 0 0 0 0.96234 4361 0.717856 0.803509 56 2555 116 34.1 6916.7 12329 0.859755 0.41034 7
2057.25 0.295257 0.661386 0.441952 -0.533455 -0.472994 0.548362 -0.437038 181211 0 0 0 1.09449 42985 0.954902 0.764407 240 35773 617 145.8 6916.7 12329 0.859755 0.938926 8
2057.25 0.29989 0.672501 0.442019 -0.592764 -0.385842 0.612895 -0.352302 242110 0 0 0 1.09299 58296 0.963717 0.75114 303 47877 642 191.7 6916.7 12329 0.859755 0.932926 7
2057.25 -0.502247 0.604025 0.103551 0.583893 0.0338523 0.152237 0.79671 63112.6 0 0 0 1.25833 16679 0.74889 0.742857 201 12149 876 114.4 6916.7 12329 1.09455 0.65514 8
2057.25 -0.505519 0.61555 0.102341 0.696378 0.0563646 0.145421 0.700523 44612.8 0 0 0 1.25683 14496 0.735435 0.831405 161 8512 690 141.4 6916.7 12329 1.09455 0.64914 7
2057.25 0.1466 0.797125 0.177665 -0.0103867 0.805234 -0.546798 0.229134 9591.23 0 0 0 1.19863 16141 0.952951 0.921951 26 1763 118 66.3 6916.7 12329 1.09455 0.41634 8
2057.25 0.142764 0.808483 0.178803 0.0239192 0.714498 -0.66102 0.227975 76038.4 0 0 0 1.19713 20172 0.988097 0.890909 80 15024 11 61 6916.7 12329 1.09455 0.41034 7
2057.25 -0.258892 0.676449 0.441952 0.311841 0.641134 -0.339373 0.613619 163974 0 0 0 1.32928 37214 0.935985 0.744601 227 32388 392 133.7 6916.7 12329 1.09455 0.938926 8
2057.25 -0.263476 0.687584 0.442019 0.399987 0.583312 -0.431421 0.56003 168750 0 0 0 1.32778 39493 0.903835 0.748617 266 33272 526 158.3 6916.7 12329 1.09455 0.932926 7
2057.25 -0.782253 0.0719681 0.103551 0.526493 0.254722 0.445537 0.677805 6610.68 0 0 0 1.43746 4376 0.732331 0.820896 51 1132 245 39.5 6916.7 12329 1.27367 0.65514 8
2057.25 -0.792716 0.0778039 0.102341 0.6218 0.318567 0.402431 0.591549 6742.53 0 0 0 1.43596 3967 0.732426 0.84 57 1157 217 34.8 6916.7 12329 1.27367 0.64914 7
2057.25 -0.459991 0.667314 0.177665 -0.317746 0.739964 -0.41749 0.420943 8188.87 0 0 0 1.37776 9561 0.865433 0.92 15 1489 154 54 6916.7 12329 1.27367 0.41634 8
2057.25 -0.470734 0.672633 0.178803 -0.251328 0.669264 -0.523461 0.463583 22327.9 0 0 0 1.37626 10222 0.859943 0.853968 41 4296 179 36.1 6916.7 12329 1.27367 0.41034 7
2057.25 -0.661386 0.295257 0.441952 0.042752 0.711667 -0.0787178 0.696783 17439.2 0 0 0 1.5084 8953 0.724062 0.877863 79 3219 436 73.5 6916.7 12329 1.27367 0.938926 8
2057.25 -0.672501 0.29989 0.442019 0.146316 0.691979 -0.184267 0.682497 17957 0 0 0 1.5069 6731 0.693079 0.84 102 3291 493 78.3 6916.7 12329 1.27367 0.932926 7
2057.25 -0.604025 -0.502247 0.103551 0.388938 0.436812 0.671007 0.455711 2123.43 0 0 0 0.602341 22841 0.881084 0.960902 12 250 263 69.1 6916.7 12329 0.438556 0.65514 8
2057.25 -0.61555 -0.505519 0.102341 0.452558 0.53227 0.598173 0.392516 7743.2 0 0 0 0.600841 23005 0.909085 0.957377 15 1383 210 63.6 6916.7 12329 0.438556 0.64914 7
2057.25 -0.797125 0.1466 0.177665 -0.576731 0.562042 -0.224622 0.548667 4781.86 0 0 0 0.542641 10709 0.67583 0.953171 30 673 575 214.6 6916.7 12329 0.438556 0.41634 8
2057.25 -0.808483 0.142764 0.178803 -0.488313 0.52214 -0.306209 0.628615 7358.98 0 0 0 0.541141 4243 0.714406 0.940741 24 1314 155 42.9 6916.7 12329 0.438556 0.41034 7
2057.25 -0.676449 -0.258892 0.441952 -0.232845 0.673855 0.193921 0.673867 4546.43 0 0 0 0.673288 17803 0.754696 0.941553 37 603 759 115.9 6916.7 12329 0.438556 0.938926 8
2057.25 -0.687584 -0.263476 0.442019 -0.12963 0.695298 0.0909401 0.701061 4860.63 0 0 0 0.671788 19405 0.758375 0.930736 30 668 781 123.5 6916.7 12329 0.438556 0.932926 7
2057.25 -0.0719681 -0.782253 0.103551 0.192171 0.552402 0.794322 0.164238 1514.3 0 0 0 0.342679 24602 0.873435 0.957647 2 162 126 88.6 6916.7 12329 0.178894 0.65514 8
2057.25 -0.0778039 -0.792716 0.102341 0.214418 0.664939 0.70285 0.133727 703.072 0 0 0 0.341179 22743 0.905043 0.958333 2 7 103 75 6916.7 12329 0.178894 0.64914 7
2057.25 -0.667314 -0.459991 0.177665 -0.747914 0.298554 0.00244171 0.592862 12338.5 0 0 0 0.282979 21762 0.895716 0.957576 12 2293 265 68.8 6916.7 12329 0.178894 0.41634 8
2057.25 -0.672633 -0.470734 0.178803 -0.650957 0.295525 -0.0423402 0.697945 13046.4 0 0 0 0.281479 22644 0.897369 0.944262 20 2432 249 64.4 6916.7 12329 0.178894 0.41034 7
2057.25 -0.295257 -0.661386 0.441952 -0.472994 0.533455 0.437038 0.548362 1762.16 0 0 0 0.413626 13301 0.6695 0.939773 8 18 975 186.6 6916.7 12329 0.178894 0.938926 8
2057.25 -0.29989 -0.672501 0.442019 -0.385842 0.592764 0.352302 0.612895 1711.39 0 0 0 0.412126 15080 0.681 0.948424 7 11 963 183.5 6916.7 12329 0.178894 0.932926 7